0	4.32	5.62	6.91	14.32	16.61	22.71	25.35	28.54	30.7	31.91	33.92	34.59	38.88	53.29	55.46	1.445
1	4.82	9.14	10.44	11.73	19.14	21.43	27.53	30.17	33.36	35.52	36.73	38.74	39.41	43.7	58.11	1.735
2	1.7	6.52	10.84	12.14	13.43	20.84	23.13	29.23	31.87	35.06	37.22	38.43	40.44	41.11	45.4	0.875
3	2.2	3.9	8.72	13.04	14.34	15.63	23.04	25.33	31.43	34.07	37.26	39.42	40.63	42.64	43.31	-0.4
4	2.85	5.05	6.75	11.57	15.89	17.19	18.48	25.89	28.18	34.28	36.92	40.11	42.27	43.48	45.49	-0.91
5	1.64	4.49	6.69	8.39	13.21	17.53	18.83	20.12	27.53	29.82	35.92	38.56	41.75	43.91	45.12	-1.02
6	2.26	3.9	6.75	8.95	10.65	15.47	19.79	21.09	22.38	29.79	32.08	38.18	40.82	44.01	46.17	-1.385
7	3.12	5.38	7.02	9.87	12.07	13.77	18.59	22.91	24.21	25.5	32.91	35.2	41.3	43.94	47.13	-2.02
8	1.81	4.93	7.19	8.83	11.68	13.88	15.58	20.4	24.72	26.02	27.31	34.72	37.01	43.11	45.75	-2.135
9	3.19	5	8.12	10.38	12.02	14.87	17.07	18.77	23.59	27.91	29.21	30.5	37.91	40.2	46.3	-3.11
10	2.3	5.49	7.3	10.42	12.68	14.32	17.17	19.37	21.07	25.89	30.21	31.51	32.8	40.21	42.5	-4.085
11	0.62	2.92	6.11	7.92	11.04	13.3	14.94	17.79	19.99	21.69	26.51	30.83	32.13	33.42	40.83	-4.915
12	0.76	1.38	3.68	6.87	8.68	11.8	14.06	15.7	18.55	20.75	22.45	27.27	31.59	32.89	34.18	-5.625
13	0.28	1.04	1.66	3.96	7.15	8.96	12.08	14.34	15.98	18.83	21.03	22.73	27.55	31.87	33.17	-6.375
14	0.79	1.07	1.83	2.45	4.75	7.94	9.75	12.87	15.13	16.77	19.62	21.82	23.52	28.34	32.66	-6.335
15	2.04	2.83	3.11	3.87	4.49	6.79	9.98	11.79	14.91	17.17	18.81	21.66	23.86	25.56	30.38	-6.755
16	1.56	3.6	4.39	4.67	5.43	6.05	8.35	11.54	13.35	16.47	18.73	20.37	23.22	25.42	27.12	-6.49
17	1.36	2.92	4.96	5.75	6.03	6.79	7.41	9.71	12.9	14.71	17.83	20.09	21.73	24.58	26.78	-5.825
18	3.5	4.86	6.42	8.46	9.25	9.53	10.29	10.91	13.21	16.4	18.21	21.33	23.59	25.23	28.08	-4.77
19	2.87	6.37	7.73	9.29	11.33	12.12	12.4	13.16	13.78	16.08	19.27	21.08	24.2	26.46	28.1	-2.81
20	4.84	7.71	11.21	12.57	14.13	16.17	16.96	17.24	18	18.62	20.92	24.11	25.92	29.04	31.3	-3.08
21	2.12	6.96	9.83	13.33	14.69	16.25	18.29	19.08	19.36	20.12	20.74	23.04	26.23	28.04	31.16	-2.42
22	4.23	6.35	11.19	14.06	17.56	18.92	20.48	22.52	23.31	23.59	24.35	24.97	27.27	30.46	32.27	-0.92
23	5.92	10.15	12.27	17.11	19.98	23.48	24.84	26.4	28.44	29.23	29.51	30.27	30.89	33.19	36.38	-0.165
24	2.79	8.71	12.94	15.06	19.9	22.77	26.27	27.63	29.19	31.23	32.02	32.3	33.06	33.68	35.98	-1.065
25	1.28	4.07	9.99	14.22	16.34	21.18	24.05	27.55	28.91	30.47	32.51	33.3	33.58	34.34	34.96	-2.37
26	1.01	2.29	5.08	11	15.23	17.35	22.19	25.06	28.56	29.92	31.48	33.52	34.31	34.59	35.35	-2.125
27	2.03	3.04	4.32	7.11	13.03	17.26	19.38	24.22	27.09	30.59	31.95	33.51	35.55	36.34	36.62	-2.04
28	4.82	6.85	7.86	9.14	11.93	17.85	22.08	24.2	29.04	31.91	35.41	36.77	38.33	40.37	41.16	-1.735
29	2.46	7.28	9.31	10.32	11.6	14.39	20.31	24.54	26.66	31.5	34.37	37.87	39.23	40.79	42.83	-0.23
30	6.45	8.91	13.73	15.76	16.77	18.05	20.84	26.76	30.99	33.11	37.95	40.82	44.32	45.68	47.24	-1.645
31	2.12	8.57	11.03	15.85	17.88	18.89	20.17	22.96	28.88	33.11	35.23	40.07	42.94	46.44	47.8	-0.425
32	5.07	7.19	13.64	16.1	20.92	22.95	23.96	25.24	28.03	33.95	38.18	40.3	45.14	48.01	51.51	0.025
33	2.84	7.91	10.03	16.48	18.94	23.76	25.79	26.8	28.08	30.87	36.79	41.02	43.14	47.98	50.85	0.2
34	2.43	5.27	10.34	12.46	18.91	21.37	26.19	28.22	29.23	30.51	33.3	39.22	43.45	45.57	50.41	-0.915
35	1.36	3.79	6.63	11.7	13.82	20.27	22.73	27.55	29.58	30.59	31.87	34.66	40.58	44.81	46.93	-1.895
36	4.24	5.6	8.03	10.87	15.94	18.06	24.51	26.97	31.79	33.82	34.83	36.11	38.9	44.82	49.05	-0.755
37	7.4	11.64	13	15.43	18.27	23.34	25.46	31.91	34.37	39.19	41.22	42.23	43.51	46.3	52.22	0.71
38	6.43	13.83	18.07	19.43	21.86	24.7	29.77	31.89	38.34	40.8	45.62	47.65	48.66	49.94	52.73	0.085
39	3.93	10.36	17.76	22	23.36	25.79	28.63	33.7	35.82	42.27	44.73	49.55	51.58	52.59	53.87	0.095
40	3.25	7.18	13.61	21.01	25.25	26.61	29.04	31.88	36.95	39.07	45.52	47.98	52.8	54.83	55.84	-0.23
41	2.63	5.88	9.81	16.24	23.64	27.88	29.24	31.67	34.51	39.58	41.7	48.15	50.61	55.43	57.46	1.19
42	3.24	5.87	9.12	13.05	19.48	26.88	31.12	32.48	34.91	37.75	42.82	44.94	51.39	53.85	58.67	1.615
43	4.67	7.91	10.54	13.79	17.72	24.15	31.55	35.79	37.15	39.58	42.42	47.49	49.61	56.06	58.52	2.235
44	6.26	10.93	14.17	16.8	20.05	23.98	30.41	37.81	42.05	43.41	45.84	48.68	53.75	55.87	62.32	0.755
45	3.88	10.14	14.81	18.05	20.68	23.93	27.86	34.29	41.69	45.93	47.29	49.72	52.56	57.63	59.75	1.115
46	6.71	10.59	16.85	21.52	24.76	27.39	30.64	34.57	41	48.4	52.64	54	56.43	59.27	64.34	2.16
47	9.91	16.62	20.5	26.76	31.43	34.67	37.3	40.55	44.48	50.91	58.31	62.55	63.91	66.34	69.18	2.055
48	2.62	12.53	19.24	23.12	29.38	34.05	37.29	39.92	43.17	47.1	53.53	60.93	65.17	66.53	68.96	0.915
49	2.56	5.18	15.09	21.8	25.68	31.94	36.61	39.85	42.48	45.73	49.66	56.09	63.49	67.73	69.09	0.23
50	0.95	3.51	6.13	16.04	22.75	26.63	32.89	37.56	40.8	43.43	46.68	50.61	57.04	64.44	68.68	0.315
51	2.43	3.38	5.94	8.56	18.47	25.18	29.06	35.32	39.99	43.23	45.86	49.11	53.04	59.47	66.87	0.425
52	1.97	4.4	5.35	7.91	10.53	20.44	27.15	31.03	37.29	41.96	45.2	47.83	51.08	55.01	61.44	-0.52
53	3.22	5.19	7.62	8.57	11.13	13.75	23.66	30.37	34.25	40.51	45.18	48.42	51.05	54.3	58.23	-0.625
54	4.18	7.4	9.37	11.8	12.75	15.31	17.93	27.84	34.55	38.43	44.69	49.36	52.6	55.23	58.48	-1.16
55	2.27	6.45	9.67	11.64	14.07	15.02	17.58	20.2	30.11	36.82	40.7	46.96	51.63	54.87	57.5	-1.895
56	3.85	6.12	10.3	13.52	15.49	17.92	18.87	21.43	24.05	33.96	40.67	44.55	50.81	55.48	58.72	-2.05
57	2.87	6.72	8.99	13.17	16.39	18.36	20.79	21.74	24.3	26.92	36.83	43.54	47.42	53.68	58.35	-2.38
58	2.88	5.75	9.6	11.87	16.05	19.27	21.24	23.67	24.62	27.18	29.8	39.71	46.42	50.3	56.56	-1.58
59	5.21	8.09	10.96	14.81	17.08	21.26	24.48	26.45	28.88	29.83	32.39	35.01	44.92	51.63	55.51	0.385
60	17.45	22.66	25.54	28.41	32.26	34.53	38.71	41.93	43.9	46.33	47.28	49.84	52.46	62.37	69.08	-0.805
61	0.75	18.2	23.41	26.29	29.16	33.01	35.28	39.46	42.68	44.65	47.08	48.03	50.59	53.21	63.12	-0.42
62	3.58	4.33	21.78	26.99	29.87	32.74	36.59	38.86	43.04	46.26	48.23	50.66	51.61	54.17	56.79	-0.605
63	2.91	6.49	7.24	24.69	29.9	32.78	35.65	39.5	41.77	45.95	49.17	51.14	53.57	54.52	57.08	0.915
64	5.27	8.18	11.76	12.51	29.96	35.17	38.05	40.92	44.77	47.04	51.22	54.44	56.41	58.84	59.79	0.575
65	2.37	7.64	10.55	14.13	14.88	32.33	37.54	40.42	43.29	47.14	49.41	53.59	56.81	58.78	61.21	-0.58
66	3.39	5.76	11.03	13.94	17.52	18.27	35.72	40.93	43.81	46.68	50.53	52.8	56.98	60.2	62.17	-0.415
67	3.95	7.34	9.71	14.98	17.89	21.47	22.22	39.67	44.88	47.76	50.63	54.48	56.75	60.93	64.15	0.485
68	3.54	7.49	10.88	13.25	18.52	21.43	25.01	25.76	43.21	48.42	51.3	54.17	58.02	60.29	64.47	0.61
69	3.43	6.97	10.92	14.31	16.68	21.95	24.86	28.44	29.19	46.64	51.85	54.73	57.6	61.45	63.72	-0.06
70	2.25	5.68	9.22	13.17	16.56	18.93	24.2	27.11	30.69	31.44	48.89	54.1	56.98	59.85	63.7	0.3
71	2.4	4.65	8.08	11.62	15.57	18.96	21.33	26.6	29.51	33.09	33.84	51.29	56.5	59.38	62.25	1.185
72	8.08	10.48	12.73	16.16	19.7	23.65	27.04	29.41	34.68	37.59	41.17	41.92	59.37	64.58	67.46	0.805
73	2.76	10.84	13.24	15.49	18.92	22.46	26.41	29.8	32.17	37.44	40.35	43.93	44.68	62.13	67.34	0.75
74	4.03	6.79	14.87	17.27	19.52	22.95	26.49	30.44	33.83	36.2	41.47	44.38	47.96	48.71	66.16	0.94
75	2.06	6.09	8.85	16.93	19.33	21.58	25.01	28.55	32.5	35.89	38.26	43.53	46.44	50.02	50.77	1.67
76	5.87	7.93	11.96	14.72	22.8	25.2	27.45	30.88	34.42	38.37	41.76	44.13	49.4	52.31	55.89	1.73
77	3.83	9.7	11.76	15.79	18.55	26.63	29.03	31.28	34.71	38.25	42.2	45.59	47.96	53.23	56.14	3.22
78	4.47	8.3	14.17	16.23	20.26	23.02	31.1	33.5	35.75	39.18	42.72	46.67	50.06	52.43	57.7	2.98
79	1.98	6.45	10.28	16.15	18.21	22.24	25	33.08	35.48	37.73	41.16	44.7	48.65	52.04	54.41	0.645
80	5.32	7.3	11.77	15.6	21.47	23.53	27.56	30.32	38.4	40.8	43.05	46.48	50.02	53.97	57.36	-0.055
81	2.29	7.61	9.59	14.06	17.89	23.76	25.82	29.85	32.61	40.69	43.09	45.34	48.77	52.31	56.26	0.475
82	4.07	6.36	11.68	13.66	18.13	21.96	27.83	29.89	33.92	36.68	44.76	47.16	49.41	52.84	56.38	-0.125
83	3.61	7.68	9.97	15.29	17.27	21.74	25.57	31.44	33.5	37.53	40.29	48.37	50.77	53.02	56.45	-1.375
84	1.98	5.59	9.66	11.95	17.27	19.25	23.72	27.55	33.42	35.48	39.51	42.27	50.35	52.75	55	-0.52
85	1.7	3.68	7.29	11.36	13.65	18.97	20.95	25.42	29.25	35.12	37.18	41.21	43.97	52.05	54.45	-1.04
86	0.76	2.46	4.44	8.05	12.12	14.41	19.73	21.71	26.18	30.01	35.88	37.94	41.97	44.73	52.81	0.21
87	5.23	5.99	7.69	9.67	13.28	17.35	19.64	24.96	26.94	31.41	35.24	41.11	43.17	47.2	49.96	2.055
88	7.83	13.06	13.82	15.52	17.5	21.11	25.18	27.47	32.79	34.77	39.24	43.07	48.94	51	55.03	1.975
89	3.33	11.16	16.39	17.15	18.85	20.83	24.44	28.51	30.8	36.12	38.1	42.57	46.4	52.27	54.33	0.605
90	1.5	4.83	12.66	17.89	18.65	20.35	22.33	25.94	30.01	32.3	37.62	39.6	44.07	47.9	53.77	2.265
91	6.85	8.35	11.68	19.51	24.74	25.5	27.2	29.18	32.79	36.86	39.15	44.47	46.45	50.92	54.75	1.455
92	4.02	10.87	12.37	15.7	23.53	28.76	29.52	31.22	33.2	36.81	40.88	43.17	48.49	50.47	54.94	1.065
93	5.23	9.25	16.1	17.6	20.93	28.76	33.99	34.75	36.45	38.43	42.04	46.11	48.4	53.72	55.7	-0.55
94	3.67	8.9	12.92	19.77	21.27	24.6	32.43	37.66	38.42	40.12	42.1	45.71	49.78	52.07	57.39	1.375
95	6.7	10.37	15.6	19.62	26.47	27.97	31.3	39.13	44.36	45.12	46.82	48.8	52.41	56.48	58.77	0.845
96	1.76	8.46	12.13	17.36	21.38	28.23	29.73	33.06	40.89	46.12	46.88	48.58	50.56	54.17	58.24	3.295
97	8.81	10.57	17.27	20.94	26.17	30.19	37.04	38.54	41.87	49.7	54.93	55.69	57.39	59.37	62.98	2.31
98	3.88	12.69	14.45	21.15	24.82	30.05	34.07	40.92	42.42	45.75	53.58	58.81	59.57	61.27	63.25	1.3
99	0.71	4.59	13.4	15.16	21.86	25.53	30.76	34.78	41.63	43.13	46.46	54.29	59.52	60.28	61.98	0.065
100	2.64	3.35	7.23	16.04	17.8	24.5	28.17	33.4	37.42	44.27	45.77	49.1	56.93	62.16	62.92	-0.67
101	2.37	5.01	5.72	9.6	18.41	20.17	26.87	30.54	35.77	39.79	46.64	48.14	51.47	59.3	64.53	-1.21
102	2.23	4.6	7.24	7.95	11.83	20.64	22.4	29.1	32.77	38	42.02	48.87	50.37	53.7	61.53	-1.865
103	1.67	3.9	6.27	8.91	9.62	13.5	22.31	24.07	30.77	34.44	39.67	43.69	50.54	52.04	55.37	-0.515
104	3.51	5.18	7.41	9.78	12.42	13.13	17.01	25.82	27.58	34.28	37.95	43.18	47.2	54.05	55.55	-0.34
105	2.26	5.77	7.44	9.67	12.04	14.68	15.39	19.27	28.08	29.84	36.54	40.21	45.44	49.46	56.31	0.975
106	5.06	7.32	10.83	12.5	14.73	17.1	19.74	20.45	24.33	33.14	34.9	41.6	45.27	50.5	54.52	-0.5
107	4.64	9.7	11.96	15.47	17.14	19.37	21.74	24.38	25.09	28.97	37.78	39.54	46.24	49.91	55.14	-0.455
108	4.27	8.91	13.97	16.23	19.74	21.41	23.64	26.01	28.65	29.36	33.24	42.05	43.81	50.51	54.18	-1.49
109	1.15	5.42	10.06	15.12	17.38	20.89	22.56	24.79	27.16	29.8	30.51	34.39	43.2	44.96	51.66	-1.645
110	2.6	3.75	8.02	12.66	17.72	19.98	23.49	25.16	27.39	29.76	32.4	33.11	36.99	45.8	47.56	-1.59
111	2.69	5.29	6.44	10.71	15.35	20.41	22.67	26.18	27.85	30.08	32.45	35.09	35.8	39.68	48.49	-0.685
112	3.41	6.1	8.7	9.85	14.12	18.76	23.82	26.08	29.59	31.26	33.49	35.86	38.5	39.21	43.09	0.655
113	5.71	9.12	11.81	14.41	15.56	19.83	24.47	29.53	31.79	35.3	36.97	39.2	41.57	44.21	44.92	-0.245
114	2.89	8.6	12.01	14.7	17.3	18.45	22.72	27.36	32.42	34.68	38.19	39.86	42.09	44.46	47.1	0.85
115	3.78	6.67	12.38	15.79	18.48	21.08	22.23	26.5	31.14	36.2	38.46	41.97	43.64	45.87	48.24	-0.91
116	0.41	4.19	7.08	12.79	16.2	18.89	21.49	22.64	26.91	31.55	36.61	38.87	42.38	44.05	46.28	0.955
117	4.55	4.96	8.74	11.63	17.34	20.75	23.44	26.04	27.19	31.46	36.1	41.16	43.42	46.93	48.6	1.25
118	2.01	6.56	6.97	10.75	13.64	19.35	22.76	25.45	28.05	29.2	33.47	38.11	43.17	45.43	48.94	-0.32
119	3.22	5.23	9.78	10.19	13.97	16.86	22.57	25.98	28.67	31.27	32.42	36.69	41.33	46.39	48.65	-0.4
120	6.9	10.12	12.13	16.68	17.09	20.87	23.76	29.47	32.88	35.57	38.17	39.32	43.59	48.23	53.29	-0.305
121	4.06	10.96	14.18	16.19	20.74	21.15	24.93	27.82	33.53	36.94	39.63	42.23	43.38	47.65	52.29	-0.89
122	1.4	5.46	12.36	15.58	17.59	22.14	22.55	26.33	29.22	34.93	38.34	41.03	43.63	44.78	49.05	-1.27
123	2.2	3.6	7.66	14.56	17.78	19.79	24.34	24.75	28.53	31.42	37.13	40.54	43.23	45.83	46.98	-1.585
124	2.12	4.32	5.72	9.78	16.68	19.9	21.91	26.46	26.87	30.65	33.54	39.25	42.66	45.35	47.95	-1.295
125	2.77	4.89	7.09	8.49	12.55	19.45	22.67	24.68	29.23	29.64	33.42	36.31	42.02	45.43	48.12	-1.26
126	3.42	6.19	8.31	10.51	11.91	15.97	22.87	26.09	28.1	32.65	33.06	36.84	39.73	45.44	48.85	0.89
127	6.19	9.61	12.38	14.5	16.7	18.1	22.16	29.06	32.28	34.29	38.84	39.25	43.03	45.92	51.63	1.28
128	3.1	9.29	12.71	15.48	17.6	19.8	21.2	25.26	32.16	35.38	37.39	41.94	42.35	46.13	49.02	1.305
129	0.86	3.96	10.15	13.57	16.34	18.46	20.66	22.06	26.12	33.02	36.24	38.25	42.8	43.21	46.99	0.92
130	5.73	6.59	9.69	15.88	19.3	22.07	24.19	26.39	27.79	31.85	38.75	41.97	43.98	48.53	48.94	1.93
131	5	10.73	11.59	14.69	20.88	24.3	27.07	29.19	31.39	32.79	36.85	43.75	46.97	48.98	53.53	2.055
132	1.34	6.34	12.07	12.93	16.03	22.22	25.64	28.41	30.53	32.73	34.13	38.19	45.09	48.31	50.32	1.155
133	2.15	3.49	8.49	14.22	15.08	18.18	24.37	27.79	30.56	32.68	34.88	36.28	40.34	47.24	50.46	2.13
134	5.26	7.41	8.75	13.75	19.48	20.34	23.44	29.63	33.05	35.82	37.94	40.14	41.54	45.6	52.5	1.4
135	2.27	7.53	9.68	11.02	16.02	21.75	22.61	25.71	31.9	35.32	38.09	40.21	42.41	43.81	47.87	1.06
136	3.04	5.31	10.57	12.72	14.06	19.06	24.79	25.65	28.75	34.94	38.36	41.13	43.25	45.45	46.85	-0.85
137	0.92	3.96	6.23	11.49	13.64	14.98	19.98	25.71	26.57	29.67	35.86	39.28	42.05	44.17	46.37	-1.47
138	2.57	3.49	6.53	8.8	14.06	16.21	17.55	22.55	28.28	29.14	32.24	38.43	41.85	44.62	46.74	-1.94
139	2.73	5.3	6.22	9.26	11.53	16.79	18.94	20.28	25.28	31.01	31.87	34.97	41.16	44.58	47.35	-2.43
140	1.58	4.31	6.88	7.8	10.84	13.11	18.37	20.52	21.86	26.86	32.59	33.45	36.55	42.74	46.16	0.125
141	4.38	5.96	8.69	11.26	12.18	15.22	17.49	22.75	24.9	26.24	31.24	36.97	37.83	40.93	47.12	1.12
142	5.67	10.05	11.63	14.36	16.93	17.85	20.89	23.16	28.42	30.57	31.91	36.91	42.64	43.5	46.6	1.61
143	1.92	7.59	11.97	13.55	16.28	18.85	19.77	22.81	25.08	30.34	32.49	33.83	38.83	44.56	45.42	-0.25
144	0.93	2.85	8.52	12.9	14.48	17.21	19.78	20.7	23.74	26.01	31.27	33.42	34.76	39.76	45.49	-0.755
145	0.99	1.92	3.84	9.51	13.89	15.47	18.2	20.77	21.69	24.73	27	32.26	34.41	35.75	40.75	-1.24
146	0.58	1.57	2.5	4.42	10.09	14.47	16.05	18.78	21.35	22.27	25.31	27.58	32.84	34.99	36.33	-1.465
147	3.28	3.86	4.85	5.78	7.7	13.37	17.75	19.33	22.06	24.63	25.55	28.59	30.86	36.12	38.27	-1.695
148	2.19	5.47	6.05	7.04	7.97	9.89	15.56	19.94	21.52	24.25	26.82	27.74	30.78	33.05	38.31	-1.79
149	1.55	3.74	7.02	7.6	8.59	9.52	11.44	17.11	21.49	23.07	25.8	28.37	29.29	32.33	34.6	-1.35
150	3.87	5.42	7.61	10.89	11.47	12.46	13.39	15.31	20.98	25.36	26.94	29.67	32.24	33.16	36.2	-2.005
151	0.26	4.13	5.68	7.87	11.15	11.73	12.72	13.65	15.57	21.24	25.62	27.2	29.93	32.5	33.42	0.025
152	3.51	3.77	7.64	9.19	11.38	14.66	15.24	16.23	17.16	19.08	24.75	29.13	30.71	33.44	36.01	0.845
153	3.73	7.24	7.5	11.37	12.92	15.11	18.39	18.97	19.96	20.89	22.81	28.48	32.86	34.44	37.17	-0.09
154	4.31	8.04	11.55	11.81	15.68	17.23	19.42	22.7	23.28	24.27	25.2	27.12	32.79	37.17	38.75	1.61
155	11.61	15.92	19.65	23.16	23.42	27.29	28.84	31.03	34.31	34.89	35.88	36.81	38.73	44.4	48.78	1.72
156	2.64	14.25	18.56	22.29	25.8	26.06	29.93	31.48	33.67	36.95	37.53	38.52	39.45	41.37	47.04	3.14
157	8.18	10.82	22.43	26.74	30.47	33.98	34.24	38.11	39.66	41.85	45.13	45.71	46.7	47.63	49.55	2.975
158	1.92	10.1	12.74	24.35	28.66	32.39	35.9	36.16	40.03	41.58	43.77	47.05	47.63	48.62	49.55	3.45
159	4.25	6.17	14.35	16.99	28.6	32.91	36.64	40.15	40.41	44.28	45.83	48.02	51.3	51.88	52.87	3.48
160	2.37	6.62	8.54	16.72	19.36	30.97	35.28	39.01	42.52	42.78	46.65	48.2	50.39	53.67	54.25	2.16
161	2.02	4.39	8.64	10.56	18.74	21.38	32.99	37.3	41.03	44.54	44.8	48.67	50.22	52.41	55.69	1.52
162	3.86	5.88	8.25	12.5	14.42	22.6	25.24	36.85	41.16	44.89	48.4	48.66	52.53	54.08	56.27	2.315
163	2.88	6.74	8.76	11.13	15.38	17.3	25.48	28.12	39.73	44.04	47.77	51.28	51.54	55.41	56.96	1.775
164	5.3	8.18	12.04	14.06	16.43	20.68	22.6	30.78	33.42	45.03	49.34	53.07	56.58	56.84	60.71	-0.42
165	2.3	7.6	10.48	14.34	16.36	18.73	22.98	24.9	33.08	35.72	47.33	51.64	55.37	58.88	59.14	-0.565
166	1.79	4.09	9.39	12.27	16.13	18.15	20.52	24.77	26.69	34.87	37.51	49.12	53.43	57.16	60.67	-1.505
167	0.57	2.36	4.66	9.96	12.84	16.7	18.72	21.09	25.34	27.26	35.44	38.08	49.69	54	57.73	-2.32
168	1.88	2.45	4.24	6.54	11.84	14.72	18.58	20.6	22.97	27.22	29.14	37.32	39.96	51.57	55.88	-2.26
169	3.13	5.01	5.58	7.37	9.67	14.97	17.85	21.71	23.73	26.1	30.35	32.27	40.45	43.09	54.7	-2.59
170	4.21	7.34	9.22	9.79	11.58	13.88	19.18	22.06	25.92	27.94	30.31	34.56	36.48	44.66	47.3	-3.065
171	1.25	5.46	8.59	10.47	11.04	12.83	15.13	20.43	23.31	27.17	29.19	31.56	35.81	37.73	45.91	-3.075
172	2.36	3.61	7.82	10.95	12.83	13.4	15.19	17.49	22.79	25.67	29.53	31.55	33.92	38.17	40.09	-1.965
173	2.31	4.67	5.92	10.13	13.26	15.14	15.71	17.5	19.8	25.1	27.98	31.84	33.86	36.23	40.48	0.05
174	4.83	7.14	9.5	10.75	14.96	18.09	19.97	20.54	22.33	24.63	29.93	32.81	36.67	38.69	41.06	0.895
175	2.98	7.81	10.12	12.48	13.73	17.94	21.07	22.95	23.52	25.31	27.61	32.91	35.79	39.65	41.67	0.135
176	1.11	4.09	8.92	11.23	13.59	14.84	19.05	22.18	24.06	24.63	26.42	28.72	34.02	36.9	40.76	-0.255
177	2.77	3.88	6.86	11.69	14	16.36	17.61	21.82	24.95	26.83	27.4	29.19	31.49	36.79	39.67	-1.06
178	5.62	8.39	9.5	12.48	17.31	19.62	21.98	23.23	27.44	30.57	32.45	33.02	34.81	37.11	42.41	-1.97
179	6.01	11.63	14.4	15.51	18.49	23.32	25.63	27.99	29.24	33.45	36.58	38.46	39.03	40.82	43.12	-0.91
180	4.97	10.98	16.6	19.37	20.48	23.46	28.29	30.6	32.96	34.21	38.42	41.55	43.43	44	45.79	0.2
181	2.39	7.36	13.37	18.99	21.76	22.87	25.85	30.68	32.99	35.35	36.6	40.81	43.94	45.82	46.39	-0.2
182	3.14	5.53	10.5	16.51	22.13	24.9	26.01	28.99	33.82	36.13	38.49	39.74	43.95	47.08	48.96	0.61
183	2.97	6.11	8.5	13.47	19.48	25.1	27.87	28.98	31.96	36.79	39.1	41.46	42.71	46.92	50.05	-0.02
184	2.69	5.66	8.8	11.19	16.16	22.17	27.79	30.56	31.67	34.65	39.48	41.79	44.15	45.4	49.61	0.705
185	2.8	5.49	8.46	11.6	13.99	18.96	24.97	30.59	33.36	34.47	37.45	42.28	44.59	46.95	48.2	-0.58
186	0.64	3.44	6.13	9.1	12.24	14.63	19.6	25.61	31.23	34	35.11	38.09	42.92	45.23	47.59	-0.68
187	3.13	3.77	6.57	9.26	12.23	15.37	17.76	22.73	28.74	34.36	37.13	38.24	41.22	46.05	48.36	-0.12
188	3.06	6.19	6.83	9.63	12.32	15.29	18.43	20.82	25.79	31.8	37.42	40.19	41.3	44.28	49.11	-0.635
189	3.31	6.37	9.5	10.14	12.94	15.63	18.6	21.74	24.13	29.1	35.11	40.73	43.5	44.61	47.59	0.92
190	11.06	14.37	17.43	20.56	21.2	24	26.69	29.66	32.8	35.19	40.16	46.17	51.79	54.56	55.67	1.245
191	2.63	13.69	17	20.06	23.19	23.83	26.63	29.32	32.29	35.43	37.82	42.79	48.8	54.42	57.19	3.145
192	3.93	6.56	17.61	20.92	23.98	27.11	27.75	30.55	33.24	36.21	39.35	41.74	46.71	52.72	58.34	1.865
193	1.34	5.27	7.89	18.95	22.26	25.32	28.45	29.09	31.89	34.58	37.55	40.69	43.08	48.05	54.06	3.21
194	4.24	5.58	9.51	12.13	23.19	26.5	29.56	32.69	33.33	36.13	38.82	41.79	44.93	47.32	52.29	2.51
195	5.1	9.34	10.68	14.61	17.23	28.29	31.6	34.66	37.79	38.43	41.23	43.92	46.89	50.03	52.42	1.315
196	1.88	6.98	11.22	12.56	16.48	19.11	30.17	33.48	36.54	39.67	40.31	43.11	45.8	48.77	51.91	1.255
197	2.32	4.2	9.3	13.54	14.87	18.8	21.43	32.49	35.8	38.86	41.99	42.63	45.43	48.12	51.09	0.11
198	1.68	4	5.87	10.97	15.21	16.55	20.48	23.11	34.17	37.48	40.54	43.67	44.31	47.11	49.8	-1.35
199	1.93	3.61	5.93	7.81	12.91	17.15	18.48	22.41	25.04	36.1	39.41	42.47	45.6	46.24	49.04	-1.04
200	7	8.93	10.61	12.93	14.81	19.91	24.15	25.48	29.41	32.04	43.1	46.41	49.47	52.6	53.24	0.445
201	1.41	8.41	10.34	12.02	14.34	16.22	21.31	25.56	26.89	30.82	33.45	44.51	47.82	50.88	54.01	-0.7
202	3.14	4.55	11.55	13.48	15.16	17.48	19.35	24.45	28.69	30.03	33.96	36.59	47.65	50.96	54.02	-0.49
203	5.75	8.89	10.3	17.3	19.23	20.91	23.23	25.11	30.2	34.44	35.78	39.71	42.34	53.4	56.71	-0.685
204	2.72	8.47	11.61	13.02	20.02	21.95	23.63	25.95	27.83	32.93	37.17	38.5	42.43	45.06	56.12	-0.815
205	2.77	5.49	11.24	14.38	15.79	22.79	24.72	26.4	28.72	30.59	35.69	39.93	41.27	45.2	47.83	-1.56
206	1.33	4.1	6.82	12.57	15.71	17.12	24.12	26.05	27.73	30.05	31.93	37.02	41.26	42.6	46.53	-1.605
207	1.73	3.06	5.83	8.55	14.3	17.44	18.85	25.85	27.78	29.46	31.78	33.65	38.75	42.99	44.33	-0.855
208	3.81	5.54	6.87	9.64	12.36	18.11	21.25	22.66	29.66	31.59	33.27	35.59	37.46	42.56	46.8	-0.76
209	1.27	5.08	6.81	8.14	10.91	13.63	19.38	22.52	23.93	30.93	32.86	34.54	36.86	38.74	43.83	-1.255
210	1.02	2.29	6.1	7.83	9.16	11.93	14.65	20.4	23.54	24.95	31.95	33.88	35.56	37.88	39.76	-1.96
211	2.48	3.5	4.78	8.59	10.31	11.65	14.41	17.13	22.89	26.02	27.43	34.43	36.37	38.04	40.36	-1.82
212	4.44	6.92	7.94	9.21	13.02	14.75	16.08	18.85	21.57	27.32	30.46	31.87	38.87	40.8	42.48	-1.545
213	6.86	11.3	13.78	14.8	16.07	19.89	21.61	22.94	25.71	28.43	34.19	37.32	38.73	45.73	47.67	0.185
214	3.47	10.33	14.77	17.26	18.28	19.55	23.36	25.09	26.42	29.19	31.91	37.66	40.8	42.2	49.2	-0.665
215	1.81	5.28	12.15	16.58	19.07	20.09	21.36	25.17	26.9	28.23	31	33.72	39.47	42.61	44.02	-1.26
216	4.69	6.5	9.98	16.84	21.28	23.76	24.78	26.05	29.86	31.59	32.92	35.69	38.41	44.16	47.3	-2.06
217	1.23	5.93	7.74	11.21	18.07	22.51	24.99	26.01	27.28	31.09	32.82	34.15	36.92	39.64	45.39	-0.995
218	3.7	4.94	9.63	11.44	14.91	21.78	26.21	28.7	29.72	30.99	34.8	36.53	37.86	40.63	43.35	-1.845
219	1.37	5.07	6.31	11	12.81	16.28	23.15	27.58	30.07	31.09	32.36	36.17	37.9	39.23	42	-1.16
220	4.57	5.94	9.65	10.88	15.57	17.39	20.86	27.72	32.16	34.64	35.66	36.93	40.74	42.47	43.8	-1.02
221	1.68	6.26	7.63	11.33	12.56	17.26	19.07	22.54	29.4	33.84	36.32	37.34	38.61	42.43	44.15	-0.78
222	3.66	5.34	9.92	11.29	14.99	16.22	20.92	22.73	26.2	33.06	37.5	39.98	41	42.28	46.09	0.135
223	3.06	6.72	8.4	12.97	14.34	18.05	19.28	23.97	25.78	29.26	36.12	40.56	43.04	44.06	45.33	1.025
224	8.87	11.92	15.58	17.26	21.84	23.21	26.91	28.15	32.84	34.65	38.12	44.98	49.42	51.91	52.93	1.305
225	5.44	14.31	17.36	21.02	22.7	27.28	28.65	32.35	33.59	38.28	40.09	43.56	50.43	54.86	57.35	1.705
226	4.31	9.75	18.62	21.67	25.33	27.02	31.59	32.96	36.67	37.9	42.59	44.4	47.87	54.74	59.17	1.565
227	9	13.31	18.75	27.61	30.67	34.33	36.01	40.59	41.96	45.66	46.89	51.59	53.4	56.87	63.73	1.735
228	3.19	12.19	16.5	21.94	30.81	33.86	37.52	39.2	43.78	45.15	48.85	50.09	54.78	56.59	60.06	1.805
229	3.1	6.29	15.29	19.6	25.04	33.91	36.96	40.62	42.3	46.88	48.25	51.95	53.19	57.88	59.69	2.16
230	6	9.1	12.3	21.29	25.6	31.04	39.91	42.96	46.63	48.31	52.88	54.25	57.96	59.19	63.88	3.08
231	4.69	10.69	13.79	16.98	25.98	30.29	35.73	44.6	47.65	51.31	53	57.57	58.94	62.65	63.88	3.735
232	5.08	9.77	15.78	18.87	22.07	31.06	35.37	40.81	49.68	52.74	56.4	58.08	62.65	64.02	67.73	3.02
233	2.69	7.77	12.46	18.46	21.56	24.75	33.75	38.06	43.5	52.37	55.42	59.08	60.76	65.34	66.71	1.25
234	3.42	6.11	11.19	15.88	21.88	24.98	28.17	37.17	41.48	46.92	55.79	58.84	62.5	64.19	68.76	0.465
235	1.94	5.36	8.04	13.13	17.81	23.82	26.92	30.11	39.11	43.42	48.86	57.72	60.78	64.44	66.12	0.07
236	6.33	8.27	11.69	14.37	19.46	24.15	30.15	33.25	36.44	45.44	49.75	55.19	64.06	67.11	70.77	1.035
237	2.42	8.75	10.69	14.11	16.79	21.87	26.56	32.57	35.67	38.86	47.85	52.17	57.61	66.47	69.53	2.36
238	4.22	6.64	12.97	14.91	18.33	21.01	26.09	30.78	36.79	39.89	43.08	52.07	56.39	61.83	70.69	2.735
239	4.09	8.31	10.73	17.06	19	22.42	25.11	30.19	34.88	40.88	43.98	47.17	56.17	60.48	65.92	2.17
240	3.5	7.59	11.81	14.23	20.56	22.5	25.92	28.61	33.69	38.38	44.38	47.48	50.67	59.67	63.98	2.02
241	3.27	6.77	10.87	15.09	17.5	23.83	25.77	29.19	31.88	36.96	41.65	47.65	50.75	53.94	62.94	1.765
242	0.94	4.21	7.71	11.81	16.03	18.44	24.78	26.71	30.13	32.82	37.9	42.59	48.59	51.69	54.89	1.515
243	1.99	2.93	6.2	9.7	13.8	18.02	20.43	26.76	28.7	32.12	34.81	39.89	44.58	50.58	53.68	1.25
244	1.92	3.91	4.85	8.12	11.62	15.72	19.94	22.35	28.69	30.62	34.04	36.73	41.81	46.5	52.5	1.565
245	2.72	4.64	6.63	7.57	10.84	14.34	18.44	22.66	25.07	31.41	33.34	36.76	39.45	44.53	49.22	1.74
246	4.17	6.89	8.81	10.8	11.74	15.02	18.52	22.61	26.83	29.25	35.58	37.52	40.94	43.62	48.7	0.905
247	1.86	6.03	8.75	10.67	12.66	13.6	16.87	20.37	24.47	28.69	31.11	37.44	39.37	42.8	45.48	1.59
248	5.77	7.63	11.8	14.52	16.44	18.43	19.37	22.64	26.14	30.24	34.46	36.87	43.2	45.14	48.56	1.495
249	3.13	8.9	10.76	14.93	17.65	19.57	21.56	22.5	25.78	29.28	33.37	37.59	40.01	46.34	48.28	1.2
250	5.1	8.24	14	15.86	20.04	22.76	24.68	26.67	27.61	30.88	34.38	38.47	42.69	45.11	51.44	0.595
251	7.32	12.42	15.56	21.32	23.18	27.35	30.07	32	33.98	34.93	38.2	41.7	45.79	50.01	52.43	2.48
252	6.74	14.06	19.16	22.3	28.06	29.92	34.09	36.81	38.74	40.72	41.67	44.94	48.44	52.53	56.75	2.085
253	3.59	10.33	17.65	22.75	25.89	31.65	33.51	37.69	40.41	42.33	44.31	45.26	48.53	52.03	56.12	2.765
254	2.87	6.46	13.2	20.52	25.62	28.76	34.52	36.38	40.56	43.28	45.2	47.19	48.13	51.4	54.9	2.665
255	2.72	5.59	9.18	15.92	23.24	28.34	31.48	37.24	39.1	43.28	46	47.92	49.91	50.85	54.12	2.675
256	2.18	4.9	7.77	11.36	18.1	25.42	30.52	33.66	39.43	41.28	45.46	48.18	50.1	52.09	53.03	2.565
257	2.65	4.83	7.56	10.43	14.02	20.76	28.07	33.18	36.31	42.08	43.94	48.11	50.83	52.75	54.74	2.45
258	2.92	5.57	7.75	10.47	13.34	16.93	23.67	30.99	36.09	39.23	45	46.85	51.03	53.75	55.67	2.34
259	3.49	6.41	9.06	11.24	13.96	16.83	20.42	27.16	34.48	39.58	42.72	48.48	50.34	54.52	57.24	1.075
260	2.74	6.22	9.14	11.8	13.98	16.7	19.57	23.16	29.9	37.22	42.32	45.45	51.22	53.08	57.25	2.865
261	6.69	9.43	12.91	15.83	18.48	20.67	23.39	26.26	29.85	36.59	43.91	49.01	52.14	57.91	59.77	1.535
262	5.26	11.94	14.68	18.17	21.09	23.74	25.92	28.64	31.51	35.1	41.84	49.16	54.26	57.4	63.17	-0.375
263	1.75	7.01	13.7	16.43	19.92	22.84	25.49	27.67	30.39	33.26	36.85	43.59	50.91	56.02	59.15	-1.38
264	2.67	4.43	9.68	16.37	19.11	22.59	25.51	28.17	30.35	33.07	35.94	39.53	46.27	53.59	58.69	-2.325
265	1.67	4.34	6.09	11.35	18.04	20.78	24.26	27.18	29.83	32.02	34.74	37.61	41.2	47.94	55.26	-1.705
266	4.8	6.46	9.14	10.89	16.15	22.83	25.57	29.06	31.98	34.63	36.81	39.53	42.4	45.99	52.73	0.165
267	4.54	9.34	11.01	13.68	15.43	20.69	27.38	30.11	33.6	36.52	39.17	41.35	44.07	46.94	50.54	1.38
268	4.48	9.02	13.82	15.49	18.16	19.91	25.17	31.86	34.59	38.08	41	43.65	45.83	48.56	51.43	0.11
269	1.77	6.25	10.79	15.59	17.26	19.93	21.68	26.94	33.63	36.36	39.85	42.77	45.42	47.6	50.32	1.12
270	3.76	5.53	10.01	14.55	19.35	21.02	23.69	25.44	30.7	37.39	40.12	43.61	46.53	49.18	51.36	1.91
271	5.97	9.73	11.5	15.98	20.52	25.32	26.99	29.66	31.41	36.67	43.36	46.09	49.58	52.5	55.15	2.11
272	4.73	10.7	14.46	16.23	20.71	25.26	30.05	31.72	34.39	36.15	41.4	48.09	50.83	54.31	57.23	1.45
273	3.06	7.79	13.76	17.52	19.29	23.77	28.31	33.11	34.78	37.45	39.2	44.46	51.15	53.89	57.37	-0.685
274	4.46	7.52	12.25	18.22	21.98	23.75	28.23	32.77	37.57	39.24	41.91	43.66	48.92	55.61	58.34	-0.755
275	5.2	9.66	12.72	17.45	23.43	27.19	28.95	33.43	37.98	42.77	44.44	47.11	48.87	54.12	60.81	-0.84
276	4.06	9.26	13.72	16.78	21.51	27.48	31.24	33.01	37.49	42.04	46.83	48.5	51.17	52.93	58.18	-1.67
277	0.66	4.72	9.93	14.38	17.44	22.17	28.15	31.91	33.67	38.15	42.7	47.49	49.16	51.83	53.59	-1.025
278	6.33	6.99	11.05	16.26	20.71	23.77	28.5	34.48	38.24	40	44.48	49.03	53.82	55.49	58.17	-1.005
279	2.96	9.29	9.95	14.01	19.21	23.67	26.73	31.46	37.43	41.19	42.96	47.44	51.98	56.78	58.45	0.155
280	4.13	7.09	13.42	14.08	18.14	23.35	27.8	30.86	35.59	41.57	45.33	47.09	51.57	56.12	60.91	0.145
281	2.35	6.48	9.44	15.77	16.43	20.49	25.69	30.15	33.21	37.94	43.91	47.67	49.44	53.92	58.46	0.995
282	7.44	9.78	13.92	16.87	23.2	23.87	27.93	33.13	37.59	40.65	45.38	51.35	55.11	56.88	61.36	1.07
283	4.76	12.2	14.54	18.68	21.63	27.96	28.63	32.69	37.89	42.35	45.41	50.14	56.11	59.87	61.64	1.09
284	10.69	15.45	22.89	25.23	29.37	32.32	38.65	39.31	43.37	48.58	53.04	56.09	60.83	66.8	70.56	-0.575
285	2.98	13.67	18.43	25.87	28.22	32.35	35.31	41.64	42.3	46.36	51.56	56.02	59.08	63.81	69.78	-1.675
286	2.72	5.7	16.39	21.15	28.59	30.94	35.07	38.03	44.36	45.02	49.08	54.28	58.74	61.8	66.53	-2.27
287	3.48	6.2	9.19	19.88	24.64	32.07	34.42	38.56	41.51	47.84	48.5	52.56	57.77	62.22	65.28	-2.7
288	4.07	7.56	10.28	13.26	23.95	28.71	36.15	38.49	42.63	45.58	51.91	52.57	56.63	61.84	66.3	-3.585
289	3.73	7.8	11.28	14	16.99	27.68	32.44	39.87	42.22	46.35	49.31	55.64	56.3	60.36	65.57	-4.46
290	1.5	5.23	9.3	12.79	15.51	18.49	29.18	33.94	41.38	43.72	47.86	50.81	57.15	57.81	61.87	-4.605
291	3.32	4.83	8.56	12.63	16.11	18.83	21.81	32.5	37.26	44.7	47.05	51.18	54.14	60.47	61.13	-4.82
292	2.31	5.63	7.13	10.86	14.93	18.42	21.14	24.12	34.81	39.57	47.01	49.35	53.49	56.44	62.78	-5.04
293	0.85	3.16	6.48	7.98	11.71	15.78	19.27	21.99	24.97	35.66	40.42	47.86	50.2	54.34	57.3	-3.51
294	3.47	4.32	6.63	9.95	11.45	15.18	19.25	22.74	25.46	28.44	39.13	43.89	51.33	53.67	57.81	-4.315
295	3.3	6.77	7.62	9.93	13.25	14.76	18.48	22.56	26.04	28.76	31.74	42.43	47.19	54.63	56.98	-4.175
296	2.98	6.29	9.76	10.61	12.91	16.24	17.74	21.47	25.54	29.02	31.74	34.73	45.42	50.18	57.61	-3.18
297	1.24	4.22	7.53	11	11.85	14.15	17.48	18.98	22.71	26.78	30.26	32.98	35.97	46.66	51.42	-3.56
298	1.7	2.94	5.93	9.23	12.7	13.55	15.85	19.18	20.68	24.41	28.48	31.96	34.69	37.67	48.36	0.045
299	3.16	4.86	6.1	9.09	12.39	15.86	16.71	19.02	22.34	23.84	27.57	31.64	35.13	37.85	40.83	-0.335
300	0.63	3.79	5.49	6.73	9.72	13.02	16.49	17.34	19.65	22.97	24.47	28.2	32.27	35.76	38.48	2.72
301	4.06	4.69	7.85	9.56	10.8	13.78	17.08	20.55	21.4	23.71	27.03	28.54	32.26	36.33	39.82	2.425
302	1.78	5.84	6.47	9.63	11.33	12.57	15.56	18.86	22.33	23.18	25.48	28.81	30.31	34.04	38.11	2.625
303	2.82	4.59	8.66	9.29	12.45	14.15	15.39	18.37	21.68	25.15	26	28.3	31.63	33.13	36.86	0.695
304	0.32	3.14	4.91	8.98	9.61	12.77	14.47	15.71	18.69	22	25.46	26.31	28.62	31.94	33.45	0.75
305	3.13	3.45	6.27	8.04	12.11	12.74	15.9	17.6	18.84	21.82	25.13	28.59	29.44	31.75	35.07	2.005
306	3.7	6.83	7.15	9.97	11.75	15.81	16.44	19.6	21.3	22.54	25.53	28.83	32.3	33.15	35.46	0.93
307	2.57	6.28	9.41	9.73	12.55	14.32	18.39	19.02	22.18	23.88	25.12	28.1	31.41	34.87	35.72	-0.26
308	3.39	5.96	9.67	12.8	13.12	15.94	17.71	21.78	22.41	25.57	27.27	28.51	31.49	34.8	38.26	1.095
309	2.76	6.15	8.72	12.43	15.56	15.88	18.7	20.47	24.54	25.17	28.33	30.03	31.27	34.25	37.56	-0.31
310	2.32	5.08	8.47	11.05	14.75	17.88	18.2	21.02	22.8	26.86	27.49	30.65	32.35	33.59	36.57	1.805
311	14.31	16.63	19.39	22.78	25.36	29.06	32.19	32.51	35.33	37.11	41.17	41.8	44.96	46.66	47.9	0.95
312	0.65	14.96	17.28	20.04	23.43	26.01	29.71	32.84	33.16	35.98	37.76	41.82	42.45	45.61	47.31	-0.13
313	6.46	7.11	21.42	23.74	26.5	29.89	32.47	36.17	39.3	39.62	42.44	44.22	48.28	48.91	52.07	-0.565
314	1.63	8.09	8.74	23.05	25.37	28.13	31.52	34.1	37.8	40.93	41.25	44.07	45.85	49.91	50.54	-1.555
315	0.22	1.85	8.31	8.96	23.27	25.59	28.35	31.74	34.32	38.02	41.15	41.47	44.29	46.07	50.13	-1.54
316	1.99	2.21	3.84	10.3	10.95	25.26	27.58	30.34	33.73	36.31	40.01	43.14	43.46	46.28	48.06	1.025
317	2.82	4.81	5.03	6.66	13.12	13.77	28.08	30.41	33.17	36.56	39.13	42.83	45.96	46.28	49.1	1.265
318	3.54	6.36	8.35	8.57	10.2	16.66	17.31	31.62	33.94	36.7	40.09	42.67	46.37	49.5	49.82	1.045
319	2.06	5.59	8.42	10.41	10.63	12.26	18.72	19.37	33.68	36	38.76	42.15	44.72	48.43	51.56	0.855
320	2.17	4.23	7.77	10.59	12.58	12.8	14.43	20.89	21.54	35.85	38.17	40.93	44.32	46.9	50.6	0.85
321	2.66	4.83	6.89	10.43	13.25	15.24	15.46	17.09	23.55	24.2	38.51	40.83	43.59	46.98	49.56	1.455
322	5.89	8.55	10.72	12.78	16.31	19.14	21.13	21.35	22.98	29.44	30.09	44.4	46.72	49.48	52.87	2.405
323	1.94	7.83	10.49	12.67	14.72	18.26	21.08	23.07	23.29	24.92	31.38	32.03	46.34	48.67	51.43	2.545
324	3.7	5.65	11.54	14.2	16.37	18.43	21.96	24.79	26.78	27	28.63	35.09	35.74	50.05	52.37	1.795
325	2.62	6.33	8.27	14.16	16.82	18.99	21.05	24.59	27.41	29.4	29.62	31.25	37.71	38.36	52.67	0.57
326	2.81	5.44	9.14	11.09	16.97	19.63	21.81	23.87	27.4	30.22	32.21	32.43	34.06	40.52	41.17	1.17
327	3.02	5.83	8.46	12.16	14.11	19.99	22.65	24.83	26.89	30.42	33.24	35.23	35.45	37.08	43.54	1.425
328	2.61	5.63	8.44	11.07	14.77	16.72	22.6	25.26	27.44	29.5	33.03	35.85	37.84	38.06	39.69	1.975
329	2.75	5.36	8.38	11.19	13.81	17.52	19.46	25.35	28.01	30.19	32.24	35.78	38.6	40.59	40.81	0.76
330	2.24	4.99	7.6	10.62	13.43	16.06	19.76	21.7	27.59	30.25	32.43	34.48	38.02	40.84	42.83	0.58
331	2.74	4.98	7.73	10.34	13.36	16.17	18.8	22.5	24.44	30.33	32.99	35.17	37.22	40.76	43.58	-0.66
332	1.4	4.14	6.38	9.13	11.74	14.76	17.57	20.2	23.9	25.85	31.73	34.39	36.57	38.63	42.16	-0.635
333	3.02	4.42	7.16	9.4	12.15	14.76	17.78	20.59	23.22	26.92	28.87	34.75	37.41	39.59	41.65	-1.485
334	1.05	4.07	5.47	8.21	10.45	13.2	15.81	18.83	21.65	24.27	27.97	29.92	35.8	38.46	40.64	-2.41
335	2.44	3.49	6.51	7.91	10.65	12.89	15.64	18.25	21.27	24.09	26.71	30.41	32.36	38.24	40.91	-2.495
336	3.57	6.01	7.06	10.08	11.48	14.22	16.46	19.21	21.82	24.84	27.66	30.28	33.98	35.93	41.81	-1.235
337	2.48	6.06	8.5	9.55	12.57	13.97	16.71	18.95	21.7	24.31	27.33	30.14	32.76	36.47	38.41	-1.945
338	2.87	5.35	8.93	11.37	12.42	15.44	16.84	19.58	21.82	24.57	27.18	30.2	33.01	35.63	39.34	-0.91
339	5.62	8.49	10.98	14.55	16.99	18.04	21.06	22.46	25.2	27.44	30.19	32.8	35.82	38.63	41.26	-0.31
340	2.51	8.13	11	13.49	17.06	19.5	20.55	23.57	24.97	27.71	29.95	32.7	35.31	38.33	41.15	-0.23
341	4.15	6.66	12.28	15.15	17.63	21.2	23.65	24.7	27.72	29.12	31.86	34.1	36.85	39.46	42.48	-0.08
342	5.85	10	12.51	18.13	21	23.49	27.06	29.5	30.55	33.57	34.97	37.71	39.95	42.7	45.31	0.11
343	4.92	10.78	14.92	17.43	23.06	25.93	28.41	31.98	34.42	35.47	38.49	39.89	42.63	44.87	47.62	0.46
344	2.77	7.69	13.55	17.69	20.2	25.83	28.7	31.18	34.75	37.19	38.24	41.26	42.67	45.41	47.65	0.49
345	3.22	5.99	10.91	16.76	20.91	23.42	29.04	31.91	34.4	37.97	40.41	41.46	44.48	45.88	48.62	1.31
346	7.15	10.36	13.13	18.06	23.91	28.06	30.57	36.19	39.06	41.54	45.11	47.56	48.61	51.63	53.03	1.53
347	6.49	13.63	16.85	19.62	24.54	30.4	34.54	37.06	42.68	45.55	48.03	51.6	54.04	55.09	58.11	1.025
348	2.57	9.06	16.21	19.43	22.2	27.12	32.97	37.12	39.63	45.25	48.12	50.61	54.18	56.62	57.67	-0.295
349	2.35	4.93	11.42	18.56	21.78	24.55	29.47	35.33	39.47	41.98	47.61	50.48	52.96	56.53	58.97	-0.825
350	2.04	4.39	6.97	13.46	20.6	23.82	26.59	31.51	37.37	41.51	44.02	49.65	52.52	55	58.57	-1.645
351	1.62	3.66	6.01	8.59	15.07	22.22	25.44	28.21	33.13	38.98	43.13	45.64	51.26	54.13	56.62	-1.69
352	2.21	3.83	5.87	8.22	10.8	17.29	24.43	27.65	30.42	35.34	41.2	45.34	47.85	53.48	56.35	-1.23
353	1.51	3.72	5.34	7.38	9.74	12.31	18.8	25.94	29.16	31.93	36.85	42.71	46.85	49.37	54.99	-1.615
354	2.2	3.71	5.93	7.54	9.58	11.94	14.51	21	28.15	31.36	34.13	39.06	44.91	49.06	51.57	-1.215
355	4.01	6.21	7.72	9.93	11.55	13.59	15.94	18.52	25.01	32.15	35.37	38.14	43.06	48.92	53.06	-1.955
356	2.89	6.9	9.1	10.61	12.83	14.44	16.48	18.84	21.41	27.9	35.05	38.26	41.04	45.96	51.81	-2.35
357	5.35	8.24	12.25	14.45	15.96	18.17	19.79	21.83	24.19	26.76	33.25	40.39	43.61	46.38	51.3	-1.865
358	4.38	9.73	12.62	16.63	18.83	20.34	22.56	24.17	26.21	28.57	31.14	37.63	44.78	47.99	50.76	-2.42
359	2.87	7.25	12.6	15.49	19.5	21.7	23.21	25.43	27.04	29.08	31.44	34.01	40.5	47.65	50.86	-2.965
360	2.05	4.92	9.3	14.65	17.54	21.55	23.75	25.26	27.48	29.09	31.13	33.49	36.06	42.55	49.7	-1.215
361	2.44	4.49	7.36	11.74	17.09	19.98	23.99	26.19	27.7	29.92	31.54	33.57	35.93	38.5	44.99	-0.915
362	2.22	4.66	6.71	9.58	13.96	19.31	22.2	26.21	28.41	29.93	32.14	33.76	35.8	38.15	40.72	-0.685
363	3.26	5.48	7.93	9.98	12.85	17.23	22.57	25.47	29.48	31.68	33.19	35.4	37.02	39.06	41.41	-0.285
364	2.65	5.92	8.14	10.58	12.63	15.5	19.88	25.23	28.12	32.13	34.33	35.84	38.06	39.67	41.71	0.83
365	3.33	5.98	9.25	11.47	13.91	15.96	18.83	23.21	28.56	31.45	35.46	37.66	39.17	41.39	43	0.375
366	2.07	5.41	8.06	11.32	13.54	15.98	18.04	20.91	25.29	30.63	33.53	37.54	39.74	41.25	43.46	-0.825
367	3.15	5.23	8.56	11.21	14.48	16.7	19.14	21.19	24.06	28.44	33.79	36.68	40.69	42.89	44.4	1.005
368	4.36	7.51	9.59	12.92	15.57	18.83	21.06	23.5	25.55	28.42	32.8	38.15	41.04	45.05	47.25	0.185
369	2.52	6.88	10.03	12.11	15.44	18.09	21.35	23.57	26.02	28.07	30.94	35.32	40.67	43.56	47.57	0.13
370	4.61	7.13	11.49	14.65	16.72	20.05	22.7	25.97	28.19	30.63	32.68	35.55	39.93	45.28	48.17	-0.29
371	4.14	8.75	11.27	15.63	18.78	20.86	24.19	26.84	30.11	32.33	34.77	36.82	39.69	44.07	49.42	0.45
372	4.18	8.31	12.93	15.45	19.81	22.96	25.04	28.37	31.02	34.28	36.5	38.94	41	43.87	48.25	-0.515
373	2.55	6.72	10.86	15.48	18	22.35	25.51	27.58	30.91	33.57	36.83	39.05	41.49	43.54	46.41	-1.24
374	0.99	3.54	7.71	11.85	16.46	18.98	23.34	26.5	28.57	31.9	34.56	37.82	40.04	42.48	44.53	-1.81
375	2.43	3.42	5.97	10.15	14.28	18.9	21.42	25.78	28.93	31	34.33	36.99	40.25	42.47	44.91	-2.04
376	3.12	5.55	6.54	9.09	13.26	17.4	22.02	24.54	28.89	32.05	34.12	37.45	40.11	43.37	45.59	0.19
377	5.71	8.83	11.26	12.25	14.8	18.98	23.11	27.73	30.25	34.61	37.76	39.83	43.17	45.82	49.08	1.08
378	4.18	9.89	13.01	15.44	16.43	18.98	23.15	27.29	31.91	34.43	38.78	41.94	44.01	47.34	50	1.945
379	3.25	7.43	13.14	16.26	18.69	19.68	22.22	26.4	30.54	35.15	37.67	42.03	45.19	47.26	50.59	1.485
380	2.57	5.82	10	15.71	18.83	21.26	22.25	24.8	28.98	33.11	37.73	40.25	44.61	47.76	49.83	1.97
381	4.84	7.41	10.66	14.84	20.55	23.67	26.1	27.09	29.64	33.81	37.95	42.57	45.09	49.44	52.6	2
382	3.95	8.79	11.37	14.61	18.79	24.5	27.62	30.06	31.04	33.59	37.77	41.91	46.52	49.04	53.4	1.44
383	6.31	10.27	15.11	17.68	20.93	25.11	30.82	33.94	36.37	37.36	39.91	44.08	48.22	52.83	55.35	-0.31
384	1.02	7.34	11.29	16.13	18.7	21.95	26.13	31.84	34.96	37.39	38.38	40.93	45.11	49.24	53.86	-1.145
385	2.37	3.39	9.7	13.66	18.5	21.07	24.32	28.5	34.21	37.33	39.76	40.75	43.3	47.47	51.61	-1.475
386	1.75	4.11	5.14	11.45	15.41	20.24	22.82	26.07	30.24	35.96	39.07	41.51	42.5	45.04	49.22	-0.92
387	2.88	4.63	7	8.02	14.33	18.29	23.13	25.7	28.95	33.13	38.84	41.96	44.39	45.38	47.93	-0.955
388	1.59	4.47	6.22	8.59	9.61	15.93	19.88	24.72	27.29	30.54	34.72	40.43	43.55	45.98	46.97	0.67
389	3.65	5.24	8.12	9.87	12.24	13.26	19.57	23.53	28.37	30.94	34.19	38.37	44.08	47.2	49.63	1.28
390	3.83	7.48	9.07	11.95	13.7	16.07	17.09	23.41	27.36	32.2	34.77	38.02	42.2	47.91	51.03	1.085
391	2.9	6.73	10.38	11.97	14.85	16.6	18.97	19.99	26.31	30.26	35.1	37.67	40.92	45.1	50.81	0.31
392	3.46	6.37	10.2	13.85	15.44	18.32	20.07	22.43	23.46	29.77	33.72	38.56	41.14	44.39	48.56	-0.36
393	2.44	5.91	8.81	12.64	16.29	17.88	20.76	22.51	24.87	25.9	32.21	36.17	41	43.58	46.83	-0.5
394	1.63	4.07	7.53	10.43	14.26	17.91	19.5	22.39	24.13	26.5	27.52	33.84	37.79	42.63	45.2	-1.48
395	0.55	2.18	4.62	8.08	10.98	14.81	18.46	20.06	22.94	24.69	27.05	28.07	34.39	38.34	43.18	-0.885
396	2.64	3.19	4.82	7.26	10.72	13.63	17.46	21.11	22.7	25.58	27.33	29.69	30.72	37.03	40.98	0.47
397	1.93	4.57	5.13	6.75	9.19	12.66	15.56	19.39	23.04	24.63	27.51	29.26	31.63	32.65	38.96	0.945
398	5.12	7.06	9.7	10.25	11.87	14.31	17.78	20.68	24.51	28.16	29.75	32.63	34.38	36.75	37.77	0.78
399	3.33	8.46	10.39	13.03	13.58	15.21	17.65	21.11	24.02	27.85	31.5	33.09	35.97	37.72	40.08	-0.745
400	1.86	5.2	10.32	12.25	14.89	15.44	17.07	19.51	22.98	25.88	29.71	33.36	34.95	37.83	39.58	-1.25
401	1.94	3.81	7.14	12.26	14.2	16.84	17.39	19.02	21.46	24.92	27.82	31.65	35.3	36.89	39.78	1.165
402	5.43	7.37	9.24	12.57	17.69	19.63	22.27	22.82	24.44	26.89	30.35	33.25	37.08	40.73	42.32	-0.39
403	0.99	6.42	8.36	10.22	13.56	18.68	20.61	23.26	23.81	25.43	27.87	31.34	34.24	38.07	41.72	-1.065
404	1.06	2.05	7.48	9.42	11.28	14.62	19.74	21.67	24.31	24.87	26.49	28.93	32.4	35.3	39.13	-0.165
405	6.87	7.93	8.92	14.35	16.3	18.16	21.49	26.61	28.55	31.19	31.74	33.37	35.81	39.27	42.17	-0.8
406	1.95	8.82	9.88	10.87	16.3	18.24	20.11	23.44	28.56	30.5	33.14	33.69	35.31	37.76	41.22	-0.255
407	7.22	9.17	16.04	17.1	18.09	23.52	25.46	27.33	30.66	35.78	37.72	40.36	40.91	42.54	44.98	-0.83
408	3.61	10.83	12.78	19.65	20.71	21.7	27.13	29.07	30.94	34.27	39.39	41.33	43.97	44.52	46.15	-1.885
409	0	3.61	10.83	12.78	19.65	20.71	21.7	27.13	29.07	30.94	34.27	39.39	41.33	43.97	44.52	-0.5
410	6.7	6.7	10.31	17.53	19.48	26.35	27.41	28.4	33.83	35.77	37.63	40.97	46.09	48.02	50.67	-0.955
411	1.72	8.42	8.42	12.03	19.25	21.2	28.07	29.13	30.12	35.55	37.5	39.36	42.69	47.81	49.75	-0.28
412	3.98	5.71	12.41	12.41	16.02	23.24	25.19	32.06	33.12	34.11	39.54	41.48	43.34	46.68	51.8	0.425
413	3.38	7.37	9.09	15.79	15.79	19.4	26.62	28.57	35.44	36.5	37.49	42.92	44.86	46.72	50.06	-0.32
414	2.53	5.91	9.89	11.62	18.31	18.31	21.93	29.15	31.09	37.97	39.03	40.02	45.44	47.39	49.25	1.435
415	4.37	6.9	10.28	14.26	15.99	22.69	22.69	26.3	33.52	35.46	42.34	43.4	44.39	49.81	51.76	-1.08
416	1.46	5.83	8.36	11.74	15.72	17.45	24.15	24.15	27.76	34.98	36.93	43.8	44.86	45.85	51.28	-0.845
417	1.3	2.76	7.13	9.66	13.04	17.03	18.75	25.45	25.45	29.06	36.28	38.23	45.1	46.16	47.15	-1.34
418	1.87	3.17	4.63	9	11.53	14.91	18.9	20.62	27.32	27.32	30.93	38.15	40.1	46.97	48.03	-1.945
419	1.89	3.76	5.07	6.53	10.9	13.43	16.81	20.79	22.52	29.21	29.21	32.82	40.04	41.99	48.87	-1
420	3.06	4.96	6.83	8.13	9.59	13.96	16.49	19.87	23.85	25.58	32.28	32.28	35.89	43.11	45.06	-1.815
421	1.34	4.4	6.3	8.17	9.47	10.93	15.3	17.83	21.21	25.19	26.92	33.61	33.61	37.22	44.44	-2.07
422	1.43	2.76	5.83	7.72	9.59	10.89	12.35	16.72	19.25	22.63	26.62	28.34	35.04	35.04	38.65	-1.87
423	2.87	4.3	5.63	8.7	10.59	12.46	13.76	15.22	19.59	22.12	25.5	29.49	31.21	37.91	37.91	-0.565
424	2.73	5.6	7.03	8.37	11.43	13.32	15.19	16.5	17.96	22.33	24.85	28.24	32.22	33.94	40.64	-0.215
425	1.89	4.63	7.5	8.92	10.26	13.32	15.22	17.09	18.39	19.85	24.22	26.75	30.13	34.11	35.84	0.89
426	4.37	6.26	9	11.87	13.29	14.63	17.69	19.59	21.46	22.76	24.22	28.59	31.12	34.5	38.48	0.975
427	1.65	6.02	7.92	10.65	13.52	14.94	16.28	19.35	21.24	23.11	24.41	25.87	30.24	32.77	36.15	-1.08
428	1.72	3.38	7.75	9.64	12.37	15.24	16.67	18.01	21.07	22.96	24.83	26.14	27.6	31.97	34.5	-2.045
429	1.89	3.61	5.26	9.63	11.53	14.26	17.13	18.56	19.89	22.96	24.85	26.72	28.02	29.48	33.85	-2.57
430	2.98	4.86	6.59	8.24	12.61	14.5	17.24	20.11	21.53	22.87	25.93	27.83	29.7	31	32.46	-2.725
431	4.44	7.42	9.3	11.03	12.68	17.05	18.94	21.68	24.55	25.97	27.31	30.37	32.27	34.14	35.44	-2.92
432	2.12	6.56	9.54	11.43	13.15	14.8	19.17	21.07	23.8	26.67	28.09	29.43	32.5	34.39	36.26	-2.78
433	2.31	4.44	8.88	11.85	13.74	15.46	17.12	21.49	23.38	26.11	28.98	30.41	31.75	34.81	36.7	-3.375
434	0.37	2.69	4.81	9.25	12.22	14.11	15.83	17.49	21.86	23.75	26.48	29.35	30.78	32.12	35.18	-4.225
435	0.47	0.84	3.16	5.28	9.72	12.7	14.58	16.31	17.96	22.33	24.22	26.96	29.83	31.25	32.59	-3.845
436	3.95	4.42	4.79	7.11	9.23	13.67	16.65	18.53	20.26	21.91	26.28	28.17	30.91	33.78	35.2	-2.58
437	3.57	7.52	7.99	8.36	10.68	12.8	17.24	20.22	22.1	23.83	25.48	29.85	31.74	34.48	37.35	-3.67
438	1.44	5.01	8.96	9.43	9.8	12.12	14.24	18.68	21.66	23.54	25.27	26.92	31.29	33.19	35.92	-1.545
439	3.33	4.77	8.34	12.29	12.76	13.13	15.45	17.57	22.01	24.99	26.87	28.6	30.25	34.62	36.52	-2.39
440	2.75	6.08	7.52	11.09	15.04	15.51	15.88	18.2	20.32	24.76	27.74	29.62	31.35	33	37.37	-3.565
441	2.02	4.77	8.1	9.54	13.11	17.06	17.54	17.91	20.22	22.34	26.78	29.76	31.65	33.37	35.02	-4.295
442	0.93	2.95	5.7	9.03	10.47	14.04	17.99	18.46	18.83	21.15	23.27	27.71	30.69	32.57	34.3	-4.62
443	1.67	2.6	4.62	7.37	10.7	12.14	15.71	19.66	20.13	20.5	22.82	24.94	29.38	32.36	34.24	-1.895
444	6.87	8.54	9.47	11.49	14.24	17.57	19.01	22.58	26.53	27	27.37	29.69	31.81	36.25	39.23	-1.78
445	4.72	11.59	13.26	14.19	16.21	18.96	22.29	23.73	27.3	31.25	31.72	32.09	34.41	36.53	40.97	-1.325
446	1.5	6.22	13.09	14.76	15.69	17.72	20.46	23.8	25.24	28.81	32.76	33.23	33.6	35.91	38.04	-1.625
447	3.28	4.78	9.5	16.37	18.04	18.97	21	23.74	27.07	28.52	32.09	36.04	36.51	36.88	39.19	-2.295
448	1.35	4.63	6.13	10.85	17.72	19.39	20.32	22.34	25.09	28.42	29.86	33.43	37.38	37.85	38.22	-2.36
449	2.32	3.67	6.95	8.45	13.17	20.04	21.71	22.64	24.67	27.41	30.74	32.19	35.76	39.7	40.18	-0.01
450	3.49	5.81	7.16	10.44	11.94	16.67	23.54	25.2	26.13	28.16	30.91	34.24	35.68	39.25	43.2	-0.675
451	0.8	4.29	6.61	7.96	11.24	12.74	17.46	24.33	26	26.93	28.96	31.7	35.04	36.48	40.05	1.135
452	4.27	5.07	8.56	10.89	12.23	15.51	17.02	21.74	28.61	30.28	31.2	33.23	35.98	39.31	40.75	-0.215
453	1.51	5.78	6.58	10.07	12.4	13.74	17.02	18.53	23.25	30.12	31.79	32.72	34.74	37.49	40.82	0.825
454	5.25	6.76	11.03	11.83	15.32	17.65	18.99	22.27	23.78	28.5	35.37	37.04	37.96	39.99	42.74	1.165
455	9.17	14.42	15.93	20.2	21	24.49	26.81	28.16	31.44	32.94	37.67	44.54	46.2	47.13	49.16	0.775
456	0.2	9.37	14.62	16.13	20.4	21.2	24.69	27.02	28.36	31.64	33.15	37.87	44.74	46.41	47.33	0.78
457	1.77	1.97	11.14	16.39	17.9	22.17	22.97	26.46	28.78	30.13	33.41	34.91	39.63	46.5	48.17	0.695
458	2.1	3.87	4.07	13.24	18.48	20	24.27	25.07	28.56	30.88	32.23	35.51	37.01	41.73	48.6	1.355
459	5.93	8.02	9.79	9.99	19.16	24.41	25.92	30.19	30.99	34.48	36.81	38.15	41.43	42.94	47.66	0.885
460	1.97	7.9	10	11.76	11.96	21.13	26.38	27.89	32.17	32.96	36.46	38.78	40.13	43.41	44.91	-0.72
461	0.8	2.77	8.7	10.8	12.56	12.76	21.93	27.18	28.69	32.96	33.76	37.26	39.58	40.93	44.2	-0.505
462	3.66	4.46	6.43	12.36	14.46	16.22	16.43	25.59	30.84	32.35	36.63	37.43	40.92	43.24	44.59	-1.785
463	1.53	5.19	5.99	7.96	13.89	15.98	17.75	17.95	27.12	32.37	33.88	38.15	38.95	42.44	44.77	1.015
464	4.24	5.76	9.43	10.22	12.2	18.12	20.22	21.99	22.19	31.36	36.61	38.12	42.39	43.19	46.68	0.185
465	7.41	11.64	13.17	16.83	17.63	19.6	25.53	27.63	29.39	29.59	38.76	44.01	45.52	49.8	50.59	-1.02
466	1.31	8.72	12.95	14.48	18.14	18.94	20.91	26.84	28.94	30.7	30.91	40.07	45.32	46.83	51.11	-1.55
467	3.95	5.26	12.67	16.9	18.43	22.09	22.89	24.86	30.79	32.89	34.65	34.85	44.02	49.27	50.78	-1.955
468	2.97	6.92	8.23	15.64	19.87	21.4	25.06	25.86	27.83	33.76	35.86	37.63	37.83	47	52.24	-2.185
469	3.17	6.14	10.09	11.4	18.81	23.04	24.57	28.23	29.03	31	36.93	39.03	40.8	41	50.17	-1.775
470	3.62	6.79	9.76	13.71	15.02	22.43	26.67	28.19	31.85	32.65	34.63	40.55	42.65	44.42	44.62	-1.87
471	2.22	5.85	9.02	11.99	15.94	17.25	24.65	28.89	30.42	34.08	34.88	36.85	42.78	44.87	46.64	-2.335
472	1.7	3.92	7.54	10.71	13.69	17.63	18.94	26.35	30.59	32.11	35.78	36.57	38.55	44.47	46.57	-2.635
473	2.08	3.78	6	9.62	12.79	15.76	19.71	21.02	28.43	32.67	34.19	37.85	38.65	40.63	46.55	-2.865
474	1.61	3.69	5.38	7.61	11.23	14.4	17.37	21.32	22.63	30.04	34.27	35.8	39.46	40.26	42.23	-3.19
475	1.72	3.32	5.4	7.1	9.32	12.94	16.11	19.09	23.04	24.35	31.75	35.99	37.52	41.18	41.98	-3.895
476	1.2	2.92	4.52	6.6	8.3	10.52	14.15	17.31	20.29	24.24	25.55	32.95	37.19	38.72	42.38	-4.335
477	3.45	4.65	6.37	7.98	10.06	11.75	13.98	17.6	20.77	23.74	27.69	29	36.41	40.64	42.17	-3.22
478	9.44	12.9	14.1	15.81	17.42	19.5	21.2	23.42	27.04	30.21	33.19	37.13	38.44	45.85	50.09	-2.645
479	6.98	16.43	19.88	21.08	22.8	24.41	26.48	28.18	30.41	34.03	37.2	40.17	44.12	45.43	52.83	-2.615
480	5.07	12.06	21.5	24.95	26.15	27.87	29.48	31.56	33.25	35.48	39.1	42.27	45.24	49.19	50.5	-3.31
481	1.14	6.21	13.19	22.64	26.09	27.29	29.01	30.61	32.69	34.39	36.61	40.24	43.41	46.38	50.33	-3.36
482	2.39	3.53	8.6	15.58	25.03	28.48	29.68	31.4	33	35.08	36.78	39	42.63	45.8	48.77	-1.06
483	6.54	8.93	10.06	15.13	22.12	31.56	35.02	36.22	37.93	39.54	41.62	43.31	45.54	49.16	52.33	-2.125
484	1.24	7.77	10.16	11.3	16.37	23.35	32.8	36.25	37.45	39.17	40.78	42.85	44.55	46.78	50.4	-2.345
485	2.69	3.93	10.46	12.85	13.99	19.06	26.04	35.49	38.94	40.14	41.86	43.46	45.54	47.24	49.46	-1.215
486	2.82	5.51	6.75	13.28	15.67	16.81	21.88	28.87	38.31	41.76	42.96	44.68	46.29	48.37	50.06	-0.07
487	5.35	8.17	10.86	12.1	18.63	21.02	22.16	27.23	34.22	43.66	47.11	48.31	50.03	51.64	53.72	-1.385
488	2.79	8.14	10.96	13.65	14.89	21.42	23.81	24.95	30.02	37	46.45	49.9	51.1	52.82	54.43	-0.325
489	2.81	5.6	10.95	13.77	16.46	17.7	24.23	26.62	27.76	32.83	39.81	49.26	52.71	53.91	55.63	1.04
490	8.12	10.93	13.72	19.07	21.89	24.58	25.82	32.35	34.74	35.88	40.95	47.94	57.38	60.83	62.04	0.145
491	1.09	9.21	12.02	14.81	20.16	22.98	25.67	26.91	33.44	35.83	36.97	42.04	49.03	58.47	61.93	-0.38
492	1.57	2.66	10.78	13.59	16.38	21.73	24.55	27.24	28.48	35.01	37.4	38.54	43.61	50.59	60.04	-0.35
493	2.05	3.61	4.7	12.83	15.64	18.43	23.78	26.6	29.29	30.52	37.06	39.45	40.59	45.66	52.64	0.155
494	5.77	7.81	9.38	10.47	18.59	21.41	24.19	29.54	32.37	35.06	36.29	42.83	45.22	46.35	51.43	0.94
495	3.33	9.1	11.15	12.71	13.8	21.93	24.74	27.52	32.87	35.7	38.39	39.62	46.16	48.55	49.69	1.38
496	1.85	5.18	10.95	13	14.56	15.65	23.78	26.59	29.37	34.72	37.55	40.24	41.47	48.01	50.4	1.81
497	5.44	7.3	10.63	16.39	18.44	20.01	21.1	29.22	32.03	34.82	40.17	42.99	45.68	46.92	53.45	0.47
498	1.94	7.38	9.23	12.56	18.33	20.38	21.94	23.04	31.16	33.97	36.76	42.11	44.93	47.62	48.85	-1.09
499	2.1	4.04	9.48	11.33	14.66	20.43	22.48	24.04	25.13	33.26	36.07	38.85	44.2	47.03	49.72	0.26
500	6.8	8.9	10.83	16.28	18.13	21.46	27.23	29.28	30.84	31.93	40.06	42.87	45.65	51	53.83	-0.83
501	1.72	8.52	10.62	12.56	18	19.85	23.18	28.95	31	32.56	33.65	41.78	44.59	47.37	52.72	-0.635
502	4.97	6.69	13.49	15.59	17.53	22.97	24.82	28.15	33.92	35.97	37.54	38.63	46.75	49.56	52.35	0.67
503	7.18	12.15	13.87	20.67	22.77	24.7	30.15	32	35.33	41.1	43.15	44.71	45.8	53.93	56.74	1.805
504	2.48	9.66	14.63	16.35	23.15	25.25	27.19	32.63	34.48	37.81	43.58	45.63	47.19	48.28	56.41	1.275
505	6.12	8.6	15.78	20.75	22.47	29.27	31.37	33.3	38.75	40.6	43.93	49.7	51.74	53.31	54.4	1.66
506	3.76	9.88	12.36	19.54	24.51	26.23	33.03	35.13	37.07	42.51	44.36	47.69	53.46	55.51	57.07	-0.275
507	1.66	5.43	11.54	14.02	21.2	26.17	27.89	34.69	36.79	38.73	44.17	46.02	49.35	55.12	57.17	-0.285
508	2.44	4.11	7.87	13.99	16.47	23.65	28.62	30.34	37.14	39.24	41.17	46.62	48.47	51.8	57.57	1.47
509	5.27	7.72	9.38	13.14	19.26	21.74	28.92	33.89	35.61	42.41	44.51	46.44	51.89	53.74	57.07	0.66
510	2.27	7.54	9.99	11.65	15.41	21.53	24.01	31.19	36.16	37.88	44.68	46.78	48.72	54.16	56.01	1.8
511	4	6.27	11.54	13.98	15.65	19.41	25.53	28.01	35.19	40.16	41.88	48.68	50.78	52.71	58.16	1.915
512	4.79	8.78	11.06	16.33	18.77	20.43	24.2	30.31	32.8	39.97	44.94	46.67	53.46	55.56	57.5	3.51
513	11.52	16.31	20.31	22.58	27.85	30.3	31.96	35.72	41.84	44.32	51.5	56.47	58.19	64.99	67.09	2.285
514	3.43	14.96	19.74	23.74	26.01	31.28	33.73	35.39	39.15	45.27	47.75	54.93	59.9	61.62	68.42	1.545
515	2.82	6.25	17.78	22.56	26.56	28.83	34.1	36.55	38.21	41.97	48.09	50.57	57.75	62.72	64.44	0.015
516	1.27	4.09	7.52	19.04	23.83	27.83	30.1	35.37	37.81	39.48	43.24	49.36	51.84	59.02	63.99	0.88
517	3.56	4.83	7.65	11.08	22.61	27.39	31.39	33.66	38.93	41.38	43.04	46.8	52.92	55.4	62.58	2.95
518	6.05	9.61	10.88	13.7	17.13	28.66	33.44	37.44	39.71	44.98	47.43	49.09	52.85	58.97	61.45	3.855
519	4.54	10.59	14.16	15.43	18.24	21.68	33.2	37.99	41.98	44.26	49.53	51.97	53.63	57.4	63.52	2.985
520	2.27	6.81	12.86	16.43	17.69	20.51	23.94	35.47	40.26	44.25	46.52	51.8	54.24	55.9	59.67	2.8
521	2.68	4.95	9.49	15.54	19.11	20.37	23.19	26.63	38.15	42.94	46.93	49.2	54.48	56.92	58.58	0.73
522	2.97	5.65	7.92	12.46	18.52	22.08	23.35	26.17	29.6	41.12	45.91	49.91	52.18	57.45	59.89	3
523	4.2	7.17	9.85	12.12	16.66	22.71	26.28	27.54	30.36	33.8	45.32	50.11	54.1	56.37	61.65	2.43
524	3.39	7.59	10.56	13.24	15.51	20.05	26.1	29.67	30.93	33.75	37.19	48.71	53.5	57.49	59.76	1.635
525	2.11	5.5	9.7	12.67	15.35	17.62	22.17	28.22	31.78	33.05	35.87	39.3	50.82	55.61	59.61	0.72
526	2.68	4.8	8.19	12.38	15.35	18.04	20.3	24.85	30.9	34.46	35.73	38.55	41.98	53.5	58.29	0.68
527	4.41	7.09	9.21	12.6	16.8	19.77	22.45	24.72	29.26	35.31	38.87	40.14	42.96	46.39	57.92	0.635
528	1.58	6	8.68	10.79	14.18	18.38	21.35	24.03	26.3	30.84	36.89	40.46	41.72	44.54	47.98	1.255
529	1.71	3.3	7.71	10.39	12.5	15.89	20.09	23.06	25.74	28.01	32.56	38.61	42.17	43.44	46.26	0.66
530	0.98	2.69	4.27	8.69	11.37	13.48	16.87	21.07	24.04	26.72	28.99	33.53	39.58	43.15	44.41	1.785
531	6.03	7.01	8.72	10.3	14.72	17.4	19.51	22.9	27.1	30.07	32.75	35.02	39.56	45.61	49.18	1.97
532	2.67	8.7	9.67	11.39	12.97	17.38	20.06	22.18	25.57	29.76	32.74	35.42	37.69	42.23	48.28	0.825
533	0.95	3.62	9.65	10.63	12.34	13.92	18.33	21.02	23.13	26.52	30.72	33.69	36.37	38.64	43.18	-0.085
534	4.22	5.17	7.83	13.87	14.84	16.56	18.14	22.55	25.23	27.35	30.74	34.93	37.91	40.59	42.85	-0.945
535	2.27	6.48	7.44	10.1	16.13	17.11	18.82	20.41	24.82	27.5	29.61	33	37.2	40.17	42.85	-0.24
536	4.37	6.64	10.86	11.81	14.48	20.51	21.48	23.2	24.78	29.19	31.87	33.99	37.38	41.57	44.55	1.315
537	3.4	7.78	10.04	14.26	15.21	17.88	23.91	24.89	26.6	28.18	32.59	35.28	37.39	40.78	44.98	-0.55
538	1.15	4.55	8.93	11.19	15.41	16.36	19.03	25.06	26.04	27.75	29.33	33.74	36.43	38.54	41.93	-0.95
539	5.77	6.92	10.32	14.69	16.96	21.18	22.13	24.8	30.83	31.8	33.52	35.1	39.51	42.19	44.31	-0.875
540	4.39	10.15	11.3	14.7	19.08	21.35	25.56	26.52	29.18	35.21	36.19	37.9	39.48	43.9	46.58	-1.38
541	1.13	5.52	11.29	12.44	15.84	20.21	22.48	26.7	27.65	30.31	36.35	37.32	39.04	40.62	45.03	-1.85
542	1.24	2.37	6.76	12.53	13.68	17.08	21.45	23.72	27.94	28.89	31.56	37.59	38.56	40.28	41.86	0.305
543	4.43	5.67	6.8	11.19	16.96	18.11	21.51	25.88	28.15	32.37	33.32	35.98	42.02	42.99	44.7	0.82
544	3.09	7.52	8.76	9.9	14.28	20.05	21.2	24.6	28.98	31.24	35.46	36.41	39.08	45.11	46.09	0.915
545	1.56	4.65	9.08	10.32	11.45	15.84	21.61	22.76	26.16	30.53	32.8	37.02	37.97	40.63	46.67	1.4
546	5.33	6.89	9.98	14.41	15.65	16.79	21.17	26.94	28.09	31.49	35.87	38.13	42.35	43.3	45.97	1.515
547	2.13	7.47	9.02	12.12	16.55	17.79	18.92	23.31	29.07	30.22	33.63	38	40.27	44.48	45.44	1.48
548	4.72	6.85	12.19	13.74	16.83	21.26	22.5	23.64	28.02	33.79	34.94	38.34	42.72	44.98	49.2	1.405
549	2.16	6.87	9.01	14.34	15.9	18.99	23.42	24.66	25.8	30.18	35.95	37.1	40.5	44.87	47.14	0.89
550	7.16	9.32	14.04	16.17	21.5	23.06	26.15	30.58	31.82	32.96	37.34	43.11	44.26	47.66	52.04	2.27
551	3.54	10.7	12.86	17.58	19.71	25.05	26.6	29.7	34.13	35.37	36.5	40.89	46.65	47.8	51.2	3.445
552	12.36	15.91	23.07	25.22	29.94	32.07	37.41	38.96	42.06	46.49	47.73	48.86	53.25	59.02	60.17	3.23
553	2.39	14.75	18.29	25.45	27.61	32.33	34.46	39.8	41.35	44.44	48.87	50.11	51.25	55.63	61.4	1.75
554	2.05	4.44	16.8	20.34	27.5	29.66	34.38	36.51	41.85	43.4	46.5	50.93	52.17	53.3	57.69	1.6
555	4.04	6.09	8.47	20.83	24.38	31.54	33.7	38.41	40.55	45.88	47.44	50.53	54.96	56.2	57.33	1.58
556	3.56	7.59	9.65	12.03	24.39	27.94	35.1	37.26	41.97	44.11	49.44	51	54.09	58.52	59.76	-0.055
557	1.55	5.11	9.15	11.2	13.58	25.94	29.49	36.65	38.81	43.52	45.66	50.99	52.55	55.64	60.07	-1.255
558	2.51	4.06	7.62	11.66	13.71	16.09	28.46	32	39.16	41.32	46.04	48.17	53.5	55.06	58.15	-2.12
559	1.17	3.68	5.23	8.79	12.83	14.88	17.26	29.63	33.17	40.33	42.49	47.2	49.34	54.67	56.23	-2.29
560	3.57	4.74	7.26	8.81	12.37	16.4	18.45	20.84	33.2	36.74	43.91	46.06	50.78	52.91	58.25	-2.045
561	1.21	4.78	5.95	8.46	10.02	13.57	17.61	19.66	22.05	34.41	37.95	45.11	47.27	51.99	54.12	-2.245
562	4.55	5.76	9.33	10.5	13.01	14.56	18.12	22.16	24.21	26.59	38.96	42.5	49.66	51.82	56.54	-2.29
563	2.13	6.67	7.88	11.46	12.63	15.14	16.69	20.25	24.28	26.33	28.72	41.08	44.63	51.79	53.94	-1.015
564	7.23	9.36	13.91	15.11	18.69	19.86	22.37	23.92	27.48	31.52	33.57	35.95	48.31	51.86	59.02	2.63
565	7.76	14.99	17.12	21.67	22.87	26.45	27.62	30.13	31.68	35.24	39.28	41.33	43.71	56.07	59.62	1.605
566	0.85	8.61	15.84	17.97	22.52	23.72	27.3	28.47	30.98	32.53	36.09	40.13	42.18	44.56	56.93	0.735
567	1.99	2.84	10.6	17.83	19.96	24.5	25.71	29.29	30.46	32.97	34.52	38.08	42.11	44.17	46.55	-0.61
568	1.5	3.49	4.34	12.1	19.33	21.46	26	27.21	30.79	31.96	34.47	36.02	39.58	43.61	45.67	-1.67
569	0.66	2.16	4.15	5	12.76	19.99	22.11	26.66	27.87	31.44	32.61	35.13	36.68	40.24	44.27	-1.125
570	2.17	2.83	4.33	6.32	7.17	14.93	22.16	24.29	28.83	30.04	33.62	34.79	37.3	38.85	42.41	-1.485
571	2.66	4.83	5.49	6.99	8.98	9.83	17.59	24.82	26.94	31.49	32.7	36.28	37.44	39.96	41.51	-2.28
572	1.74	4.39	6.57	7.22	8.72	10.71	11.56	19.32	26.56	28.68	33.23	34.44	38.01	39.18	41.69	-2.12
573	3.29	5.02	7.68	9.85	10.51	12.01	14	14.85	22.61	29.84	31.97	36.52	37.72	41.3	42.47	-2.095
574	4.06	7.35	9.08	11.74	13.91	14.57	16.07	18.06	18.91	26.67	33.9	36.03	40.57	41.78	45.36	-2.245
575	4.74	8.8	12.09	13.82	16.48	18.65	19.31	20.81	22.8	23.65	31.41	38.64	40.77	45.31	46.52	-2.355
576	0.32	5.06	9.12	12.41	14.15	16.8	18.98	19.63	21.13	23.12	23.97	31.73	38.96	41.09	45.64	-1.55
577	5.35	5.68	10.42	14.48	17.76	19.5	22.16	24.33	24.99	26.49	28.48	29.33	37.09	44.32	46.44	-0.015
578	4.82	10.17	10.5	15.24	19.3	22.58	24.32	26.98	29.15	29.81	31.31	33.3	34.15	41.91	49.14	0.515
579	4.86	9.68	15.04	15.36	20.1	24.16	27.44	29.18	31.84	34.01	34.67	36.17	38.16	39.01	46.77	2.01
580	7.11	11.98	16.8	22.15	22.47	27.21	31.27	34.56	36.3	38.95	41.13	41.78	43.28	45.27	46.12	-0.16
581	0.42	7.54	12.4	17.22	22.57	22.89	27.63	31.69	34.98	36.72	39.37	41.55	42.2	43.7	45.69	-0.315
582	4.48	4.9	12.02	16.88	21.7	27.05	27.37	32.11	36.17	39.46	41.2	43.85	46.03	46.69	48.19	-1.175
583	1.38	5.86	6.28	13.39	18.26	23.07	28.43	28.75	33.49	37.55	40.84	42.57	45.23	47.41	48.06	0.29
584	5.13	6.5	10.98	11.41	18.52	23.38	28.2	33.56	33.88	38.62	42.68	45.96	47.7	50.36	52.53	0.425
585	2.43	7.55	8.93	13.41	13.83	20.94	25.81	30.63	35.98	36.3	41.04	45.1	48.39	50.13	52.78	1.915
586	4.28	6.7	11.83	13.21	17.69	18.11	25.22	30.09	34.91	40.26	40.58	45.32	49.38	52.67	54.41	2.58
587	5.85	10.13	12.55	17.68	19.06	23.54	23.96	31.07	35.93	40.75	46.11	46.43	51.17	55.23	58.52	1.12
588	1.01	6.85	11.13	13.56	18.69	20.06	24.54	24.96	32.08	36.94	41.76	47.11	47.44	52.18	56.24	0.31
589	1.17	2.18	8.02	12.3	14.73	19.85	21.23	25.71	26.13	33.25	38.11	42.93	48.28	48.61	53.35	0.005
590	2.31	3.48	4.49	10.33	14.61	17.04	22.17	23.54	28.02	28.44	35.56	40.42	45.24	50.59	50.92	1.56
591	4	6.31	7.48	8.49	14.33	18.61	21.04	26.17	27.54	32.02	32.44	39.56	44.42	49.24	54.59	2.8
592	6.65	10.65	12.96	14.13	15.14	20.98	25.26	27.69	32.81	34.19	38.67	39.09	46.21	51.07	55.89	3.385
593	5.62	12.27	16.27	18.58	19.75	20.76	26.6	30.88	33.31	38.43	39.81	44.29	44.71	51.83	56.69	1.31
594	2.45	8.07	14.72	18.72	21.03	22.2	23.21	29.06	33.33	35.76	40.89	42.26	46.74	47.17	54.28	0.78
595	1.88	4.33	9.95	16.6	20.6	22.91	24.08	25.09	30.94	35.22	37.64	42.77	44.15	48.63	49.05	1.105
596	3.55	5.43	7.88	13.5	20.15	24.15	26.46	27.63	28.64	34.48	38.76	41.19	46.31	47.69	52.17	0.525
597	2.99	6.54	8.42	10.87	16.49	23.14	27.14	29.45	30.62	31.63	37.48	41.76	44.18	49.31	50.69	1.06
598	3.43	6.42	9.97	11.85	14.3	19.92	26.57	30.57	32.88	34.05	35.06	40.91	45.19	47.61	52.74	1.115
599	5.41	8.84	11.83	15.38	17.26	19.71	25.33	31.98	35.98	38.29	39.46	40.47	46.31	50.59	53.02	2.115
600	6.65	12.06	15.48	18.48	22.02	23.91	26.36	31.98	38.63	42.63	44.94	46.11	47.11	52.96	57.24	3.16
601	5.54	12.19	17.6	21.03	24.02	27.57	29.45	31.9	37.52	44.17	48.17	50.48	51.65	52.66	58.5	2.89
602	2.33	7.88	14.52	19.93	23.36	26.35	29.9	31.78	34.24	39.85	46.5	50.5	52.81	53.98	54.99	1.6
603	0.85	3.19	8.73	15.38	20.79	24.22	27.21	30.76	32.64	35.09	40.71	47.36	51.36	53.67	54.84	0.835
604	2.85	3.7	6.04	11.58	18.23	23.64	27.07	30.06	33.61	35.49	37.94	43.56	50.21	54.21	56.52	-0.15
605	1.17	4.02	4.87	7.21	12.75	19.4	24.81	28.24	31.23	34.78	36.66	39.11	44.73	51.38	55.38	0.5
606	5.04	6.21	9.06	9.91	12.25	17.79	24.44	29.85	33.28	36.27	39.81	41.7	44.15	49.77	56.42	1.895
607	3.28	8.31	9.48	12.33	13.19	15.52	21.07	27.71	33.12	36.55	39.54	43.09	44.97	47.43	53.04	1.475
608	2.65	5.92	10.96	12.13	14.98	15.83	18.17	23.71	30.36	35.77	39.2	42.19	45.74	47.62	50.07	1.34
609	1.69	4.33	7.61	12.65	13.81	16.67	17.52	19.85	25.4	32.04	37.45	40.88	43.87	47.42	49.3	1.765
610	3.87	5.55	8.2	11.47	16.51	17.68	20.53	21.39	23.72	29.26	35.91	41.32	44.75	47.74	51.29	1.82
611	1.11	4.98	6.67	9.31	12.59	17.63	18.8	21.65	22.5	24.83	30.38	37.02	42.43	45.86	48.85	0.485
612	1.9	3.01	6.88	8.56	11.21	14.48	19.52	20.69	23.54	24.4	26.73	32.28	38.92	44.33	47.76	0.07
613	2.59	4.49	5.6	9.47	11.15	13.8	17.07	22.11	23.28	26.13	26.99	29.32	34.87	41.51	46.92	0.46
614	2.56	5.15	7.05	8.17	12.03	13.72	16.36	19.64	24.68	25.85	28.7	29.55	31.89	37.43	44.07	-0.95
615	0.65	3.22	5.81	7.7	8.82	12.69	14.37	17.02	20.29	25.33	26.5	29.35	30.2	32.54	38.08	-1.835
616	0.38	1.04	3.6	6.19	8.09	9.2	13.07	14.75	17.4	20.67	25.71	26.88	29.73	30.59	32.92	-1.25
617	2.82	3.2	3.86	6.42	9.01	10.91	12.02	15.89	17.57	20.22	23.5	28.54	29.7	32.56	33.41	-1.895
618	1.5	4.32	4.7	5.35	7.92	10.51	12.41	13.52	17.39	19.07	21.72	24.99	30.03	31.2	34.05	-1.435
619	2.63	4.13	6.95	7.33	7.99	10.55	13.14	15.04	16.15	20.02	21.7	24.35	27.63	32.67	33.83	-0.3
620	3.42	6.06	7.55	10.37	10.76	11.41	13.97	16.56	18.46	19.57	23.44	25.13	27.77	31.05	36.09	0.98
621	2.56	5.98	8.61	10.11	12.93	13.31	13.97	16.53	19.12	21.02	22.13	26	27.69	30.33	33.61	1.39
622	5.7	8.26	11.68	14.31	15.81	18.63	19.01	19.67	22.23	24.82	26.72	27.83	31.7	33.38	36.03	0.015
623	3.02	8.72	11.28	14.7	17.33	18.83	21.65	22.04	22.69	25.25	27.84	29.74	30.85	34.72	36.41	1.025
624	1.94	4.96	10.66	13.22	16.64	19.27	20.77	23.59	23.97	24.63	27.19	29.78	31.68	32.79	36.66	1.51
625	3.64	5.58	8.6	14.3	16.86	20.28	22.91	24.41	27.23	27.61	28.27	30.83	33.42	35.32	36.43	-0.145
626	0.29	3.93	5.87	8.89	14.59	17.15	20.57	23.2	24.7	27.52	27.91	28.56	31.12	33.71	35.61	-0.53
627	2.8	3.09	6.74	8.67	11.7	17.39	19.95	23.37	26.01	27.5	30.33	30.71	31.36	33.93	36.52	0.33
628	2.27	5.07	5.37	9.01	10.94	13.97	19.67	22.22	25.65	28.28	29.78	32.6	32.98	33.63	36.2	0.68
629	3.33	5.6	8.41	8.7	12.34	14.28	17.3	23	25.56	28.98	31.61	33.11	35.93	36.31	36.96	1.065
630	2.64	5.97	8.24	11.04	11.33	14.98	16.91	19.94	25.63	28.19	31.61	34.25	35.74	38.57	38.95	0.245
631	3.19	5.82	9.15	11.43	14.23	14.52	18.16	20.1	23.12	28.82	31.38	34.8	37.43	38.93	41.75	-0.96
632	5.11	8.3	10.93	14.26	16.54	19.34	19.63	23.27	25.21	28.23	33.93	36.49	39.91	42.54	44.04	0.305
633	5.41	10.52	13.71	16.35	19.68	21.95	24.75	25.04	28.69	30.62	33.65	39.34	41.9	45.32	47.96	0.9
634	2.98	8.4	13.51	16.69	19.33	22.66	24.93	27.74	28.03	31.67	33.61	36.63	42.33	44.89	48.31	0.19
635	2.68	5.67	11.08	16.19	19.37	22.01	25.34	27.61	30.42	30.71	34.35	36.29	39.31	45.01	47.57	-0.39
636	1.7	4.39	7.37	12.78	17.89	21.08	23.72	27.05	29.32	32.12	32.41	36.06	37.99	41.02	46.71	-0.97
637	1.75	3.46	6.14	9.12	14.54	19.65	22.83	25.47	28.8	31.07	33.87	34.17	37.81	39.74	42.77	-1.13
638	2.97	4.72	6.43	9.11	12.09	17.5	22.61	25.8	28.44	31.77	34.04	36.84	37.13	40.78	42.71	-1.605
639	1.74	4.71	6.46	8.17	10.85	13.83	19.24	24.35	27.54	30.18	33.51	35.78	38.58	38.87	42.52	-2.175
640	1.69	3.43	6.4	8.15	9.86	12.54	15.52	20.94	26.05	29.23	31.87	35.2	37.47	40.28	40.57	-2.015
641	3.09	4.79	6.53	9.5	11.25	12.95	15.63	18.62	24.03	29.14	32.33	34.96	38.3	40.57	43.37	-1.65
642	4.84	7.93	9.63	11.37	14.33	16.09	17.79	20.47	23.46	28.87	33.98	37.17	39.8	43.13	45.41	0.25
643	6.88	11.72	14.81	16.5	18.24	21.21	22.96	24.67	27.35	30.33	35.75	40.86	44.04	46.68	50.01	1.025
644	4.62	11.5	16.33	19.43	21.12	22.86	25.83	27.58	29.29	31.97	34.95	40.37	45.48	48.66	51.3	0.435
645	7.09	11.71	18.59	23.43	26.52	28.22	29.96	32.93	34.68	36.38	39.06	42.05	47.46	52.57	55.76	-1.32
646	1.78	8.87	13.49	20.37	25.21	28.3	30	31.74	34.7	36.46	38.16	40.84	43.83	49.24	54.35	-2.1
647	3.11	4.89	11.98	16.6	23.48	28.31	31.41	33.1	34.84	37.81	39.56	41.27	43.95	46.93	52.35	-2.445
648	2.9	6.01	7.79	14.88	19.5	26.38	31.22	34.31	36	37.74	40.71	42.46	44.17	46.85	49.83	-0.995
649	4.87	7.78	10.88	12.66	19.76	24.37	31.25	36.09	39.19	40.88	42.62	45.59	47.34	49.04	51.72	0.115
650	5.09	9.97	12.87	15.98	17.76	24.85	29.47	36.35	41.19	44.28	45.97	47.71	50.68	52.43	54.14	1.24
651	5.91	11	15.88	18.78	21.89	23.67	30.76	35.38	42.26	47.09	50.19	51.88	53.62	56.59	58.34	-0.2
652	1.71	7.62	12.72	17.59	20.49	23.6	25.38	32.47	37.09	43.97	48.81	51.9	53.59	55.33	58.3	1.045
653	3.44	5.15	11.06	16.15	21.03	23.93	27.04	28.81	35.91	40.53	47.41	52.24	55.34	57.03	58.77	2.24
654	6.14	9.57	11.29	17.2	22.29	27.17	30.07	33.17	34.95	42.05	46.67	53.54	58.38	61.48	63.17	2.69
655	3.72	9.86	13.3	15.01	20.92	26.01	30.89	33.79	36.89	38.67	45.77	50.39	57.26	62.1	65.2	1.78
656	3.81	7.53	13.67	17.1	18.81	24.72	29.82	34.69	37.59	40.7	42.48	49.57	54.19	61.07	65.91	0.49
657	2.01	5.82	9.54	15.68	19.11	20.83	26.74	31.83	36.7	39.61	42.71	44.49	51.59	56.2	63.08	1.665
658	4.09	6.1	9.91	13.63	19.77	23.2	24.92	30.83	35.92	40.8	43.7	46.8	48.58	55.68	60.3	2.175
659	2.3	6.39	8.41	12.21	15.93	22.07	25.51	27.22	33.13	38.22	43.1	46	49.11	50.89	57.98	0.795
660	2.51	4.81	8.91	10.92	14.72	18.44	24.58	28.02	29.73	35.64	40.74	45.61	48.51	51.62	53.4	0.475
661	3.18	5.69	8	12.09	14.1	17.91	21.63	27.76	31.2	32.91	38.82	43.92	48.79	51.69	54.8	1.18
662	3.66	6.84	9.35	11.66	15.75	17.76	21.57	25.29	31.43	34.86	36.57	42.48	47.58	52.45	55.35	0.715
663	1.19	4.85	8.04	10.55	12.85	16.94	18.95	22.76	26.48	32.62	36.06	37.77	43.68	48.77	53.65	-0.09
664	2.11	3.3	6.96	10.15	12.66	14.96	19.05	21.06	24.87	28.59	34.73	38.17	39.88	45.79	50.88	-0.065
665	3.07	5.18	6.37	10.04	13.22	15.73	18.03	22.12	24.13	27.94	31.66	37.8	41.24	42.95	48.86	-0.535
666	1.88	4.95	7.06	8.26	11.92	15.1	17.61	19.91	24	26.02	29.82	33.54	39.68	43.12	44.83	-1.595
667	0.03	1.91	4.98	7.09	8.29	11.95	15.13	17.64	19.94	24.04	26.05	29.85	33.57	39.71	43.15	-0.02
668	5.79	5.82	7.7	10.77	12.88	14.07	17.74	20.92	23.43	25.73	29.82	31.83	35.64	39.36	45.5	-0.175
669	2.06	7.84	7.87	9.76	12.83	14.94	16.13	19.79	22.97	25.48	27.79	31.88	33.89	37.7	41.42	1.205
670	2.91	4.97	10.76	10.79	12.67	15.74	17.85	19.04	22.7	25.89	28.4	30.7	34.79	36.8	40.61	0.52
671	2.36	5.27	7.33	13.11	13.15	15.03	18.1	20.21	21.4	25.06	28.24	30.76	33.06	37.15	39.16	-1.44
672	6.67	9.03	11.94	14	19.79	19.82	21.7	24.77	26.88	28.07	31.74	34.92	37.43	39.73	43.82	-0.215
673	3.85	10.53	12.89	15.8	17.85	23.64	23.67	25.56	28.63	30.74	31.93	35.59	38.77	41.28	43.59	3.195
674	4.47	8.33	15	17.36	20.27	22.33	28.11	28.15	30.03	33.1	35.21	36.4	40.06	43.24	45.76	2.01
675	0.68	5.15	9.01	15.68	18.04	20.95	23.01	28.8	28.83	30.71	33.78	35.89	37.08	40.74	43.93	1.075
676	2.38	3.06	7.53	11.39	18.06	20.42	23.33	25.39	31.17	31.2	33.09	36.16	38.27	39.46	43.12	2.35
677	3.49	5.87	6.55	11.02	14.88	21.55	23.91	26.82	28.88	34.67	34.7	36.58	39.65	41.76	42.95	1.12
678	0.74	4.23	6.61	7.29	11.76	15.62	22.29	24.65	27.56	29.62	35.41	35.44	37.32	40.39	42.5	-0.015
679	1.98	2.72	6.21	8.59	9.27	13.74	17.6	24.27	26.63	29.54	31.6	37.39	37.42	39.3	42.37	-1.125
680	0.75	2.73	3.47	6.96	9.34	10.02	14.5	18.35	25.02	27.38	30.3	32.35	38.14	38.17	40.05	-1.745
681	1.3	2.05	4.03	4.77	8.26	10.64	11.32	15.79	19.65	26.32	28.68	31.59	33.65	39.43	39.46	-0.85
682	3.79	5.09	5.84	7.82	8.56	12.05	14.43	15.11	19.58	23.44	30.11	32.47	35.38	37.44	43.22	-1.37
683	5.33	9.12	10.41	11.17	13.15	13.89	17.38	19.76	20.44	24.91	28.76	35.44	37.8	40.71	42.76	-2.175
684	0.6	5.93	9.72	11.01	11.76	13.74	14.48	17.98	20.35	21.04	25.51	29.36	36.04	38.39	41.31	-2.085
685	2.01	2.61	7.94	11.73	13.02	13.78	15.76	16.5	19.99	22.37	23.05	27.52	31.37	38.05	40.41	-0.21
686	5.23	7.24	7.84	13.17	16.96	18.25	19	20.98	21.72	25.22	27.59	28.28	32.75	36.6	43.28	0.28
687	4.98	10.2	12.22	12.81	18.14	21.93	23.23	23.98	25.96	26.7	30.19	32.57	33.25	37.72	41.58	1.115
688	4.9	9.87	15.1	17.11	17.71	23.04	26.83	28.13	28.88	30.86	31.6	35.09	37.47	38.15	42.62	0.025
689	2.11	7.01	11.98	17.21	19.22	19.82	25.15	28.94	30.24	30.99	32.97	33.71	37.2	39.58	40.26	-0.8
690	1.54	3.65	8.55	13.53	18.76	20.77	21.37	26.69	30.48	31.78	32.53	34.51	35.25	38.74	41.12	0.65
691	2.28	3.82	5.93	10.83	15.81	21.04	23.05	23.65	28.97	32.76	34.06	34.81	36.79	37.53	41.02	0.125
692	2.54	4.82	6.36	8.47	13.37	18.35	23.57	25.59	26.19	31.51	35.3	36.6	37.35	39.33	40.07	-0.775
693	3.9	6.44	8.72	10.26	12.37	17.27	22.24	27.47	29.48	30.08	35.41	39.2	40.5	41.25	43.23	-1.94
694	2.59	6.49	9.03	11.31	12.85	14.96	19.86	24.83	30.06	32.07	32.67	38	41.79	43.09	43.84	-2.43
695	2.07	4.67	8.56	11.1	13.38	14.93	17.04	21.93	26.91	32.14	34.15	34.75	40.07	43.87	45.16	0.2
696	5.11	7.19	9.78	13.68	16.22	18.5	20.04	22.15	27.05	32.02	37.25	39.26	39.86	45.19	48.98	-0.74
697	2.53	7.65	9.72	12.31	16.21	18.75	21.03	22.57	24.68	29.58	34.56	39.78	41.8	42.39	47.72	-0.56
698	4.48	7.02	12.13	14.2	16.8	20.69	23.23	25.51	27.06	29.17	34.06	39.04	44.27	46.28	46.88	-0.49
699	2.57	7.06	9.59	14.7	16.78	19.37	23.26	25.8	28.08	29.63	31.74	36.63	41.61	46.84	48.85	-0.59
700	3.14	5.71	10.19	12.72	17.84	19.91	22.5	26.4	28.94	31.22	32.76	34.87	39.77	44.75	49.98	-1.25
701	2.52	5.66	8.23	12.71	15.24	20.36	22.43	25.02	28.92	31.46	33.74	35.28	37.39	42.29	47.27	-1.855
702	2.27	4.79	7.93	10.5	14.98	17.51	22.63	24.7	27.29	31.19	33.73	36.01	37.55	39.66	44.56	-1.94
703	2.01	4.28	6.8	9.93	12.5	16.99	19.52	24.63	26.71	29.3	33.2	35.74	38.02	39.56	41.67	0.225
704	4.5	6.51	8.78	11.3	14.43	17	21.49	24.02	29.13	31.21	33.8	37.7	40.24	42.52	44.06	-1.67
705	0.95	5.45	7.46	9.73	12.25	15.39	17.96	22.44	24.97	30.09	32.16	34.75	38.65	41.19	43.47	-2.345
706	3.75	4.7	9.2	11.21	13.48	16	19.13	21.7	26.19	28.72	33.83	35.91	38.5	42.4	44.94	-2.08
707	2.39	6.14	7.09	11.59	13.6	15.87	18.39	21.53	24.1	28.58	31.11	36.23	38.3	40.89	44.79	-1.46
708	1.85	4.24	7.99	8.94	13.44	15.45	17.72	20.24	23.38	25.95	30.43	32.96	38.08	40.15	42.74	-1.92
709	1.76	3.61	6	9.75	10.7	15.2	17.21	19.48	22	25.13	27.7	32.19	34.72	39.83	41.91	-1.66
710	5.33	7.08	8.93	11.33	15.07	16.03	20.53	22.54	24.8	27.32	30.46	33.03	37.52	40.05	45.16	-2.345
711	1.3	6.63	8.38	10.23	12.63	16.37	17.33	21.83	23.83	26.1	28.62	31.76	34.33	38.81	41.35	-2.15
712	2.49	3.79	9.12	10.87	12.72	15.12	18.87	19.82	24.32	26.33	28.59	31.11	34.25	36.82	41.31	-1.685
713	2.8	5.3	6.59	11.92	13.68	15.53	17.92	21.67	22.62	27.12	29.13	31.4	33.92	37.06	39.63	-0.395
714	4.3	7.1	9.59	10.89	16.22	17.98	19.83	22.22	25.97	26.92	31.42	33.43	35.7	38.22	41.35	-1.475
715	3.5	7.8	10.6	13.09	14.39	19.72	21.47	23.32	25.72	29.46	30.42	34.92	36.93	39.19	41.71	0.955
716	7.77	11.27	15.57	18.37	20.86	22.16	27.49	29.24	31.09	33.49	37.24	38.19	42.69	44.7	46.96	1.355
717	6.02	13.79	17.28	21.58	24.39	26.88	28.18	33.5	35.26	37.11	39.5	43.25	44.2	48.7	50.71	2.095
718	5.66	11.67	19.44	22.94	27.24	30.04	32.54	33.83	39.16	40.92	42.77	45.16	48.91	49.86	54.36	1.55
719	1.15	6.81	12.83	20.6	24.09	28.39	31.2	33.69	34.99	40.31	42.07	43.92	46.31	50.06	51.02	1.105
720	6.68	7.83	13.49	19.5	27.28	30.77	35.07	37.87	40.37	41.67	46.99	48.75	50.6	52.99	56.74	1.395
721	5.48	12.16	13.31	18.97	24.98	32.76	36.25	40.55	43.35	45.85	47.15	52.47	54.23	56.08	58.47	1.865
722	2.37	7.85	14.53	15.69	21.34	27.36	35.13	38.63	42.93	45.73	48.22	49.52	54.85	56.6	58.45	0.545
723	2.1	4.48	9.96	16.63	17.79	23.44	29.46	37.23	40.73	45.03	47.83	50.32	51.62	56.95	58.7	0.435
724	2.95	5.06	7.43	12.91	19.59	20.74	26.4	32.41	40.19	43.68	47.98	50.78	53.28	54.57	59.9	-0.69
725	1.3	4.26	6.36	8.73	14.21	20.89	22.04	27.7	33.72	41.49	44.98	49.28	52.09	54.58	55.88	-1.725
726	2.58	3.88	6.83	8.94	11.31	16.79	23.47	24.62	30.28	36.3	44.07	47.56	51.86	54.67	57.16	-2.02
727	4.09	6.67	7.97	10.92	13.02	15.4	20.88	27.56	28.71	34.37	40.38	48.15	51.65	55.95	58.75	-0.02
728	5.2	9.28	11.86	13.17	16.12	18.22	20.59	26.07	32.75	33.91	39.56	45.58	53.35	56.85	61.15	-1.655
729	3.14	8.33	12.42	15	16.3	19.26	21.36	23.73	29.21	35.89	37.04	42.7	48.72	56.49	59.98	0.945
730	3.79	6.93	12.12	16.21	18.79	20.09	23.04	25.15	27.52	33	39.68	40.83	46.49	52.5	60.28	0.945
731	6.75	10.54	13.68	18.87	22.96	25.54	26.84	29.8	31.9	34.27	39.75	46.43	47.58	53.24	59.26	1.045
732	0.87	7.63	11.41	14.55	19.75	23.83	26.41	27.72	30.67	32.77	35.15	40.63	47.3	48.46	54.11	1.935
733	3.3	4.17	10.93	14.71	17.85	23.05	27.13	29.71	31.02	33.97	36.07	38.44	43.93	50.6	51.76	0.315
734	2.18	5.48	6.35	13.1	16.89	20.03	25.22	29.31	31.89	33.19	36.15	38.25	40.62	46.1	52.78	2.09
735	4.74	6.92	10.22	11.09	17.84	21.63	24.77	29.96	34.05	36.63	37.93	40.89	42.99	45.36	50.84	2.11
736	2.9	7.64	9.82	13.12	13.99	20.74	24.53	27.67	32.87	36.95	39.53	40.83	43.79	45.89	48.26	0.72
737	0.83	3.74	8.48	10.65	13.95	14.83	21.58	25.37	28.5	33.7	37.79	40.37	41.67	44.62	46.72	1.2
738	4.42	5.26	8.16	12.9	15.07	18.37	19.25	26	29.79	32.93	38.12	42.21	44.79	46.09	49.04	0.195
739	1.39	5.81	6.65	9.55	14.29	16.46	19.76	20.64	27.39	31.18	34.31	39.51	43.6	46.18	47.48	-1.545
740	1.57	2.96	7.38	8.21	11.11	15.85	18.03	21.33	22.2	28.96	32.74	35.88	41.08	45.17	47.74	-2.545
741	1.27	2.84	4.23	8.65	9.48	12.39	17.13	19.3	22.6	23.48	30.23	34.02	37.15	42.35	46.44	-3.14
742	3.76	5.03	6.6	7.99	12.41	13.24	16.15	20.89	23.06	26.36	27.24	33.99	37.78	40.91	46.11	-3.78
743	2.04	5.8	7.07	8.63	10.02	14.44	15.28	18.18	22.92	25.1	28.4	29.27	36.02	39.81	42.95	-4.22
744	3.5	5.53	9.29	10.56	12.13	13.52	17.94	18.78	21.68	26.42	28.59	31.89	32.77	39.52	43.31	-4.83
745	2.03	5.53	7.56	11.32	12.59	14.16	15.55	19.97	20.81	23.71	28.45	30.63	33.93	34.8	41.55	-5.175
746	0.85	2.89	6.38	8.42	12.18	13.45	15.02	16.41	20.83	21.66	24.56	29.3	31.48	34.78	35.65	-4.14
747	5.07	5.93	7.96	11.46	13.49	17.25	18.52	20.09	21.48	25.9	26.74	29.64	34.38	36.56	39.85	-4.35
748	2.78	7.85	8.71	10.74	14.24	16.27	20.03	21.3	22.87	24.26	28.68	29.52	32.42	37.16	39.33	-3.845
749	2.23	5.01	10.08	10.94	12.97	16.46	18.5	22.26	23.53	25.1	26.49	30.91	31.74	34.65	39.39	-3.065
750	3.48	5.71	8.49	13.56	14.42	16.45	19.94	21.98	25.74	27.01	28.58	29.97	34.39	35.22	38.13	-3.12
751	2.55	6.03	8.26	11.04	16.11	16.97	19	22.5	24.53	28.29	29.56	31.13	32.52	36.94	37.78	-2.65
752	3.42	5.97	9.45	11.68	14.46	19.53	20.39	22.42	25.91	27.95	31.71	32.98	34.55	35.94	40.36	-2.705
753	2.35	5.76	8.31	11.8	14.02	16.8	21.88	22.73	24.76	28.26	30.3	34.06	35.33	36.89	38.28	-0.715
754	5.35	7.69	11.11	13.66	17.14	19.37	22.15	27.22	28.08	30.11	33.61	35.64	39.4	40.67	42.24	-0.89
755	2.48	7.83	10.18	13.59	16.15	19.63	21.85	24.63	29.71	30.56	32.59	36.09	38.13	41.89	43.16	-0.9
756	3.49	5.98	11.32	13.67	17.09	19.64	23.12	25.35	28.13	33.2	34.06	36.09	39.58	41.62	45.38	-2.185
757	2.04	5.53	8.01	13.36	15.7	19.12	21.67	25.15	27.38	30.16	35.24	36.09	38.12	41.62	43.65	-2.16
758	3.38	5.41	8.91	11.39	16.74	19.08	22.5	25.05	28.53	30.76	33.54	38.61	39.47	41.5	45	-0.44
759	2.87	6.25	8.28	11.78	14.26	19.61	21.95	25.37	27.92	31.4	33.63	36.41	41.48	42.34	44.37	-1.195
760	2.9	5.77	9.15	11.19	14.68	17.16	22.51	24.85	28.27	30.82	34.3	36.53	39.31	44.39	45.24	-1.25
761	2.28	5.18	8.05	11.43	13.46	16.95	19.44	24.78	27.13	30.55	33.1	36.58	38.81	41.59	46.66	1.25
762	6.82	9.09	12	14.87	18.24	20.28	23.77	26.26	31.6	33.95	37.37	39.92	43.4	45.63	48.41	2.31
763	3.62	10.44	12.72	15.62	18.49	21.87	23.9	27.39	29.88	35.22	37.57	40.99	43.54	47.02	49.25	0
764	3.4	7.02	13.84	16.12	19.02	21.89	25.27	27.3	30.8	33.28	38.63	40.97	44.39	46.94	50.42	-0.405
765	1.73	5.13	8.76	15.57	17.85	20.75	23.62	27	29.04	32.53	35.01	40.36	42.7	46.12	48.67	-1.345
766	1.36	3.09	6.49	10.11	16.93	19.21	22.11	24.98	28.36	30.39	33.89	36.37	41.72	44.06	47.48	-1.975
767	3.87	5.23	6.96	10.37	13.99	20.81	23.08	25.98	28.85	32.23	34.27	37.76	40.24	45.59	47.94	0.59
768	3.69	7.56	8.92	10.65	14.05	17.67	24.49	26.77	29.67	32.54	35.92	37.95	41.44	43.93	49.28	0.555
769	2.62	6.31	10.18	11.54	13.27	16.67	20.3	27.11	29.39	32.29	35.16	38.54	40.57	44.07	46.55	1.22
770	4.76	7.38	11.07	14.94	16.3	18.03	21.43	25.06	31.87	34.15	37.05	39.92	43.3	45.33	48.83	1.56
771	4.38	9.14	11.76	15.44	19.32	20.68	22.41	25.81	29.43	36.25	38.53	41.43	44.3	47.68	49.71	1.89
772	4.28	8.66	13.42	16.04	19.73	23.6	24.96	26.69	30.09	33.72	40.54	42.81	45.71	48.58	51.96	2.82
773	4.2	8.48	12.86	17.62	20.24	23.93	27.8	29.16	30.89	34.29	37.91	44.73	47.01	49.91	52.78	3.89
774	8.46	12.65	16.94	21.31	26.07	28.7	32.38	36.26	37.61	39.35	42.75	46.37	53.19	55.46	58.37	2.485
775	1.59	10.05	14.24	18.53	22.91	27.67	30.29	33.97	37.85	39.2	40.94	44.34	47.96	54.78	57.06	2.725
776	1.57	3.16	11.61	15.81	20.09	24.47	29.23	31.85	35.54	39.41	40.77	42.5	45.91	49.53	56.35	1.53
777	1.59	3.15	4.74	13.2	17.4	21.68	26.06	30.82	33.44	37.13	41	42.36	44.09	47.49	51.11	1.555
778	3.62	5.2	6.77	8.36	16.82	21.02	25.3	29.68	34.44	37.06	40.74	44.62	45.98	47.71	51.11	2.65
779	4.35	7.97	9.56	11.13	12.72	21.17	25.37	29.65	34.03	38.79	41.41	45.1	48.97	50.33	52.06	1.49
780	2.84	7.19	10.81	12.4	13.96	15.56	24.01	28.21	32.49	36.87	41.63	44.25	47.94	51.81	53.17	-0.37
781	1.19	4.03	8.38	12	13.59	15.15	16.74	25.2	29.4	33.68	38.06	42.82	45.44	49.13	53	-0.8
782	1.57	2.76	5.59	9.95	13.57	15.15	16.72	18.31	26.77	30.96	35.25	39.63	44.39	47.01	50.69	-1.01
783	2.35	3.92	5.11	7.94	12.3	15.92	17.5	19.07	20.66	29.12	33.31	37.6	41.98	46.74	49.36	-0.225
784	3.22	5.57	7.14	8.33	11.17	15.52	19.14	20.72	22.29	23.88	32.34	36.54	40.82	45.2	49.96	-0.945
785	1.71	4.93	7.28	8.85	10.04	12.87	17.23	20.85	22.43	24	25.59	34.05	38.24	42.53	46.91	-2.165
786	2.14	3.85	7.07	9.42	10.99	12.18	15.02	19.37	22.99	24.57	26.14	27.73	36.19	40.39	44.67	-2.375
787	1.89	4.03	5.74	8.96	11.31	12.88	14.07	16.91	21.26	24.88	26.46	28.03	29.62	38.08	42.28	-1.95
788	4.19	6.08	8.22	9.93	13.15	15.5	17.07	18.26	21.1	25.45	29.07	30.66	32.22	33.81	42.27	-0.76
789	2.43	6.62	8.51	10.65	12.36	15.58	17.93	19.5	20.69	23.52	27.88	31.5	33.08	34.65	36.24	-1.075
790	4.03	6.46	10.65	12.54	14.68	16.39	19.61	21.96	23.53	24.72	27.56	31.91	35.53	37.11	38.68	-1.105
791	0.88	4.91	7.34	11.53	13.42	15.56	17.27	20.49	22.84	24.41	25.6	28.44	32.79	36.41	38	-1.8
792	3.73	4.61	8.64	11.07	15.26	17.15	19.29	21	24.22	26.57	28.14	29.33	32.17	36.52	40.14	-1.085
793	8.65	12.37	13.26	17.29	19.71	23.91	25.8	27.94	29.65	32.87	35.22	36.78	37.97	40.81	45.17	-0.695
794	4.76	13.41	17.14	18.02	22.05	24.48	28.67	30.56	32.7	34.41	37.63	39.98	41.55	42.74	45.57	-0.685
795	2.17	6.94	15.58	19.31	20.19	24.22	26.65	30.84	32.73	34.87	36.58	39.8	42.15	43.72	44.91	1.85
796	5.02	7.19	11.96	20.6	24.33	25.21	29.24	31.67	35.86	37.75	39.89	41.6	44.82	47.17	48.74	1.635
797	2	7.02	9.19	13.95	22.6	26.33	27.21	31.24	33.67	37.86	39.75	41.89	43.6	46.82	49.17	2.14
798	3.6	5.6	10.62	12.79	17.56	26.2	29.93	30.81	34.84	37.27	41.46	43.35	45.49	47.2	50.42	0.835
799	3.17	6.77	8.77	13.79	15.96	20.72	29.37	33.1	33.98	38.01	40.44	44.63	46.52	48.66	50.37	2.915
800	4.96	8.13	11.74	13.73	18.75	20.93	25.69	34.33	38.06	38.94	42.98	45.4	49.59	51.48	53.63	2.405
801	3.15	8.11	11.28	14.88	16.88	21.9	24.07	28.83	37.48	41.21	42.09	46.12	48.55	52.74	54.63	3.9
802	5.59	8.74	13.7	16.87	20.48	22.47	27.49	29.67	34.43	43.07	46.8	47.69	51.72	54.14	58.33	3.86
803	2.64	8.23	11.38	16.34	19.51	23.11	25.11	30.13	32.3	37.07	45.71	49.44	50.32	54.35	56.78	6.09
804	7.79	10.43	16.02	19.17	24.13	27.3	30.91	32.9	37.92	40.09	44.86	53.5	57.23	58.11	62.15	5.64
805	4.04	11.83	14.47	20.06	23.21	28.17	31.34	34.94	36.94	41.96	44.13	48.9	57.54	61.27	62.15	5.665
806	3.58	7.62	15.41	18.05	23.65	26.79	31.76	34.93	38.53	40.52	45.54	47.72	52.48	61.13	64.85	5.325
807	5.51	9.09	13.13	20.92	23.56	29.15	32.3	37.26	40.43	44.04	46.03	51.05	53.22	57.99	66.63	4.095
808	2.56	8.07	11.65	15.69	23.48	26.12	31.71	34.86	39.82	42.99	46.59	48.59	53.61	55.78	60.55	2.6
809	2.43	4.99	10.5	14.08	18.12	25.91	28.55	34.14	37.29	42.25	45.42	49.02	51.02	56.04	58.21	3.47
810	4.15	6.58	9.14	14.65	18.23	22.27	30.06	32.7	38.3	41.44	46.41	49.57	53.18	55.17	60.19	1.46
811	2.41	6.57	9	11.56	17.06	20.65	24.69	32.48	35.11	40.71	43.85	48.82	51.99	55.59	57.59	0.675
812	3.05	5.46	9.62	12.05	14.61	20.11	23.7	27.74	35.53	38.17	43.76	46.91	51.87	55.04	58.64	1.095
813	2.94	5.99	8.41	12.56	14.99	17.55	23.06	26.64	30.68	38.47	41.11	46.7	49.85	54.81	57.98	-0.035
814	1.14	4.08	7.13	9.54	13.7	16.13	18.69	24.19	27.78	31.81	39.61	42.24	47.84	50.98	55.95	-0.305
815	3.51	4.65	7.59	10.64	13.06	17.21	19.64	22.2	27.7	31.29	35.33	43.12	45.76	51.35	54.5	-0.07
816	1.59	5.1	6.24	9.18	12.23	14.65	18.8	21.23	23.79	29.3	32.88	36.92	44.71	47.35	52.94	-0.995
817	3.73	5.32	8.83	9.97	12.91	15.96	18.38	22.53	24.96	27.52	33.03	36.61	40.65	48.44	51.08	1.205
818	4.6	8.33	9.93	13.44	14.57	17.52	20.57	22.98	27.13	29.56	32.12	37.63	41.21	45.25	53.04	0.96
819	1.75	6.35	10.08	11.67	15.19	16.32	19.26	22.31	24.73	28.88	31.31	33.87	39.38	42.96	47	1.99
820	5.43	7.18	11.78	15.52	17.11	20.62	21.76	24.7	27.75	30.16	34.31	36.74	39.3	44.81	48.39	2.67
821	5.23	10.66	12.41	17.01	20.74	22.33	25.85	26.98	29.93	32.98	35.39	39.54	41.97	44.53	50.04	2.045
822	5.39	10.62	16.06	17.8	22.41	26.14	27.73	31.24	32.38	35.32	38.37	40.78	44.94	47.37	49.93	2.665
823	3.97	9.36	14.59	20.02	21.77	26.37	30.11	31.7	35.21	36.35	39.29	42.34	44.75	48.91	51.33	2.165
824	4.05	8.02	13.41	18.64	24.07	25.82	30.43	34.16	35.75	39.26	40.4	43.34	46.39	48.8	52.96	2.75
825	4.42	8.47	12.44	17.83	23.06	28.49	30.24	34.84	38.57	40.17	43.68	44.81	47.76	50.81	53.22	1.08
826	1.8	6.22	10.27	14.24	19.63	24.86	30.29	32.04	36.64	40.37	41.96	45.48	46.61	49.56	52.61	-0.01
827	0.59	2.39	6.81	10.86	14.83	20.22	25.45	30.89	32.63	37.24	40.97	42.56	46.07	47.21	50.15	-1.06
828	1.83	2.43	4.22	8.64	12.69	16.66	22.06	27.28	32.72	34.46	39.07	42.8	44.39	47.9	49.04	-1.975
829	0.6	2.43	3.02	4.82	9.24	13.29	17.26	22.65	27.88	33.31	35.06	39.67	43.4	44.99	48.5	-3.205
830	0.91	1.51	3.34	3.94	5.74	10.15	14.2	18.17	23.57	28.8	34.23	35.98	40.58	44.31	45.9	-4.2
831	1.74	2.66	3.26	5.09	5.68	7.48	11.9	15.95	19.92	25.31	30.54	35.97	37.72	42.32	46.06	-3.465
832	5.43	7.17	8.09	8.69	10.52	11.11	12.91	17.33	21.38	25.35	30.74	35.97	41.4	43.15	47.75	-3.68
833	2.55	7.98	9.72	10.63	11.23	13.06	13.66	15.46	19.87	23.93	27.89	33.29	38.52	43.95	45.7	-2.935
834	3.87	6.42	11.85	13.59	14.51	15.11	16.94	17.53	19.33	23.75	27.8	31.77	37.16	42.39	47.82	-2.325
835	2.09	5.97	8.52	13.94	15.69	16.6	17.2	19.03	19.63	21.43	25.84	29.89	33.86	39.26	44.48	-3.025
836	1.28	3.37	7.25	9.8	15.22	16.97	17.88	18.48	20.31	20.91	22.7	27.12	31.17	35.14	40.54	-3.875
837	2.27	3.55	5.64	9.52	12.06	17.49	19.24	20.15	20.75	22.58	23.17	24.97	29.39	33.44	37.41	-4.53
838	1.01	3.28	4.56	6.65	10.52	13.07	18.5	20.24	21.16	21.76	23.59	24.18	25.98	30.4	34.45	-4.9
839	5.02	6.03	8.3	9.58	11.67	15.55	18.09	23.52	25.27	26.18	26.78	28.61	29.2	31	35.42	-3.48
840	10.27	15.29	16.3	18.57	19.85	21.94	25.81	28.36	33.79	35.54	36.45	37.05	38.88	39.47	41.27	-3.615
841	2.16	12.43	17.45	18.46	20.72	22	24.1	27.97	30.52	35.95	37.69	38.61	39.2	41.04	41.63	-4.005
842	1.82	3.98	14.24	19.27	20.28	22.54	23.82	25.92	29.79	32.34	37.77	39.51	40.43	41.02	42.85	-4.19
843	2.49	4.31	6.47	16.74	21.76	22.77	25.04	26.31	28.41	32.28	34.83	40.26	42	42.92	43.52	-4.31
844	3.67	6.16	7.98	10.13	20.4	25.43	26.43	28.7	29.98	32.07	35.95	38.5	43.93	45.67	46.58	-3.37
845	2.07	5.73	8.22	10.04	12.2	22.47	27.49	28.5	30.77	32.05	34.14	38.02	40.56	45.99	47.74	-3.615
846	3.98	6.05	9.72	12.21	14.03	16.19	26.45	31.48	32.48	34.75	36.03	38.13	42	44.55	49.98	-3.575
847	5.14	9.12	11.19	14.85	17.35	19.17	21.32	31.59	36.61	37.62	39.89	41.17	43.26	47.14	49.69	-3.435
848	3.08	8.22	12.2	14.27	17.94	20.43	22.25	24.41	34.67	39.7	40.7	42.97	44.25	46.35	50.22	-2.335
849	4.94	8.02	13.16	17.15	19.21	22.88	25.37	27.19	29.35	39.61	44.64	45.65	47.91	49.19	51.29	-1.435
850	5.51	10.45	13.54	18.67	22.66	24.72	28.39	30.88	32.7	34.86	45.13	50.15	51.16	53.43	54.7	-0.575
851	3.77	9.28	14.22	17.31	22.44	26.43	28.5	32.16	34.65	36.47	38.63	48.9	53.92	54.93	57.2	0.76
852	4.91	8.68	14.19	19.13	22.21	27.35	31.33	33.4	37.07	39.56	41.38	43.54	53.8	58.83	59.83	-0.91
853	0.02	4.93	8.7	14.21	19.15	22.24	27.37	31.36	33.43	37.09	39.58	41.4	43.56	53.83	58.85	-1.305
854	1.6	1.62	6.53	10.3	15.81	20.75	23.83	28.97	32.96	35.02	38.69	41.18	43	45.16	55.43	-1.65
855	2.02	3.61	3.64	8.54	12.31	17.83	22.77	25.85	30.99	34.97	37.04	40.7	43.2	45.02	47.17	-1.55
856	2.23	4.24	5.84	5.87	10.77	14.54	20.06	25	28.08	33.22	37.2	39.27	42.93	45.43	47.24	-2.18
857	1.83	4.06	6.08	7.68	7.7	12.61	16.38	21.89	26.83	29.91	35.05	39.04	41.1	44.77	47.26	-1.11
858	3.88	5.72	7.94	9.96	11.56	11.58	16.49	20.26	25.77	30.71	33.8	38.93	42.92	44.98	48.65	-1.875
859	1.69	5.57	7.4	9.63	11.65	13.24	13.27	18.17	21.94	27.46	32.4	35.48	40.62	44.6	46.67	-1.685
860	3.7	5.39	9.27	11.11	13.33	15.35	16.95	16.97	21.88	25.65	31.16	36.1	39.19	44.32	48.31	-0.1
861	4.7	8.4	10.09	13.97	15.8	18.03	20.05	21.65	21.67	26.57	30.35	35.86	40.8	43.88	49.02	1.345
862	4.78	9.48	13.19	14.87	18.75	20.59	22.81	24.83	26.43	26.45	31.36	35.13	40.64	45.58	48.67	0.785
863	2.99	7.77	12.47	16.17	17.86	21.74	23.57	25.8	27.82	29.42	29.44	34.35	38.12	43.63	48.57	0.065
864	1.42	4.41	9.19	13.89	17.59	19.28	23.16	24.99	27.22	29.24	30.83	30.86	35.76	39.54	45.05	-1.53
865	0.69	2.11	5.1	9.88	14.58	18.28	19.97	23.85	25.69	27.91	29.93	31.53	31.55	36.46	40.23	-2.615
866	0.56	1.25	2.67	5.65	10.44	15.13	18.84	20.52	24.41	26.24	28.47	30.48	32.08	32.11	37.01	-2.965
867	1.54	2.09	2.78	4.2	7.19	11.97	16.67	20.37	22.06	25.94	27.78	30	32.02	33.62	33.64	-3.035
868	1.32	2.85	3.41	4.1	5.52	8.51	13.29	17.99	21.69	23.38	27.26	29.09	31.32	33.34	34.94	-3.71
869	0.47	1.79	3.32	3.88	4.57	5.99	8.98	13.76	18.46	22.16	23.85	27.73	29.56	31.79	33.81	-2.97
870	3.37	3.84	5.16	6.7	7.25	7.94	9.36	12.35	17.13	21.83	25.54	27.22	31.1	32.94	35.17	-1.265
871	3.48	6.85	7.32	8.64	10.17	10.73	11.42	12.84	15.83	20.61	25.31	29.01	30.7	34.58	36.41	0.18
872	2.17	5.65	9.02	9.49	10.81	12.35	12.9	13.59	15.01	18	22.78	27.48	31.19	32.87	36.75	-0.59
873	3.81	5.98	9.46	12.83	13.3	14.62	16.16	16.71	17.41	18.82	21.81	26.59	31.29	35	36.68	0.215
874	2.2	6.01	8.19	11.66	15.04	15.5	16.82	18.36	18.91	19.61	21.02	24.01	28.8	33.49	37.2	-1.095
875	1.63	3.83	7.64	9.81	13.29	16.67	17.13	18.45	19.99	20.54	21.24	22.65	25.64	30.43	35.12	-0.84
876	2.1	3.73	5.93	9.74	11.92	15.39	18.77	19.24	20.56	22.09	22.65	23.34	24.76	27.74	32.53	0.315
877	5.01	7.11	8.74	10.94	14.75	16.93	20.4	23.78	24.24	25.56	27.1	27.65	28.35	29.76	32.75	0.85
878	4.35	9.35	11.46	13.09	15.29	19.1	21.27	24.75	28.12	28.59	29.91	31.44	32	32.69	34.11	0.955
879	4.45	8.8	13.81	15.91	17.54	19.74	23.55	25.72	29.2	32.57	33.04	34.36	35.9	36.45	37.15	0.605
880	2.41	6.87	11.21	16.22	18.32	19.95	22.15	25.96	28.14	31.61	34.99	35.46	36.78	38.31	38.87	2.3
881	6.98	9.39	13.85	18.19	23.2	25.3	26.93	29.13	32.94	35.12	38.59	41.97	42.44	43.76	45.29	0.96
882	4.2	11.19	13.6	18.05	22.4	27.41	29.51	31.14	33.34	37.15	39.32	42.8	46.17	46.64	47.96	0.94
883	2.56	6.76	13.74	16.15	20.61	24.95	29.96	32.06	33.69	35.89	39.7	41.88	45.35	48.73	49.2	2.38
884	7.06	9.62	13.82	20.8	23.22	27.67	32.02	37.02	39.13	40.76	42.96	46.77	48.94	52.42	55.79	3.545
885	7.88	14.94	17.5	21.7	28.68	31.09	35.55	39.89	44.9	47	48.63	50.83	54.65	56.82	60.3	4.025
886	5.77	13.65	20.71	23.26	27.47	34.45	36.86	41.31	45.66	50.67	52.77	54.4	56.6	60.41	62.59	4.335
887	4.65	10.42	18.3	25.36	27.91	32.12	39.1	41.51	45.96	50.31	55.32	57.42	59.05	61.25	65.06	6.155
888	6.86	11.51	17.28	25.16	32.22	34.78	38.98	45.96	48.37	52.83	57.17	62.18	64.28	65.91	68.11	5.675
889	3.93	10.79	15.44	21.21	29.09	36.15	38.7	42.91	49.89	52.3	56.76	61.1	66.11	68.21	69.84	5.725
890	4.23	8.16	15.02	19.67	25.44	33.31	40.38	42.93	47.14	54.12	56.53	60.98	65.33	70.34	72.44	5.38
891	4.32	8.55	12.48	19.34	23.99	29.76	37.64	44.7	47.26	51.46	58.44	60.85	65.31	69.65	74.66	4.68
892	1.35	5.67	9.9	13.83	20.69	25.34	31.11	38.99	46.05	48.61	52.81	59.79	62.2	66.66	71	4.645
893	2.28	3.63	7.95	12.18	16.11	22.97	27.62	33.39	41.27	48.33	50.89	55.09	62.07	64.48	68.94	3.39
894	2.09	4.37	5.72	10.05	14.28	18.2	25.07	29.72	35.48	43.36	50.43	52.98	57.19	64.17	66.58	3.66
895	3.85	5.94	8.22	9.57	13.9	18.13	22.06	28.92	33.57	39.33	47.21	54.28	56.83	61.04	68.02	3.08
896	2.98	6.83	8.93	11.2	12.56	16.88	21.11	25.04	31.9	36.55	42.31	50.19	57.26	59.81	64.02	3.325
897	4.6	7.58	11.43	13.52	15.8	17.15	21.48	25.7	29.63	36.5	41.15	46.91	54.79	61.85	64.41	2.66
898	6.98	11.58	14.56	18.41	20.5	22.78	24.13	28.46	32.69	36.61	43.48	48.13	53.89	61.77	68.83	2.875
899	5.09	12.07	16.67	19.65	23.5	25.59	27.87	29.22	33.55	37.78	41.7	48.57	53.22	58.98	66.86	4.41
900	3.99	9.08	16.06	20.66	23.64	27.49	29.59	31.87	33.22	37.54	41.77	45.7	52.56	57.21	62.98	3.835
901	1.74	5.73	10.82	17.8	22.4	25.38	29.23	31.33	33.61	34.96	39.28	43.51	47.44	54.3	58.95	3.83
902	4.5	6.24	10.23	15.32	22.3	26.9	29.88	33.73	35.83	38.11	39.46	43.78	48.01	51.94	58.8	3.31
903	3.05	7.55	9.29	13.28	18.37	25.35	29.95	32.93	36.78	38.87	41.15	42.5	46.83	51.06	54.98	3.485
904	3.31	6.36	10.86	12.6	16.59	21.69	28.67	33.26	36.24	40.09	42.19	44.47	45.82	50.14	54.37	2.265
905	1.63	4.94	7.99	12.49	14.23	18.22	23.31	30.3	34.89	37.87	41.72	43.82	46.1	47.45	51.77	2.575
906	4.46	6.09	9.41	12.46	16.96	18.7	22.69	27.78	34.76	39.36	42.34	46.19	48.28	50.56	51.91	1.33
907	4.33	8.8	10.43	13.74	16.79	21.29	23.03	27.02	32.11	39.09	43.69	46.67	50.52	52.61	54.89	0.73
908	4.61	8.94	13.41	15.04	18.35	21.4	25.9	27.64	31.63	36.72	43.7	48.3	51.28	55.13	57.23	-0.85
909	2.88	7.49	11.82	16.29	17.92	21.23	24.28	28.78	30.52	34.51	39.6	46.58	51.18	54.16	58.01	-1.04
910	6.07	8.94	13.56	17.89	22.35	23.98	27.3	30.35	34.85	36.59	40.58	45.67	52.65	57.25	60.23	-1.42
911	2.33	8.4	11.28	15.89	20.22	24.69	26.32	29.63	32.68	37.18	38.92	42.91	48	54.98	59.58	-2.88
912	0.11	2.45	8.52	11.39	16.01	20.34	24.8	26.43	29.75	32.8	37.3	39.04	43.03	48.12	55.1	-2.035
913	9.41	9.53	11.86	17.93	20.81	25.42	29.75	34.22	35.85	39.16	42.21	46.71	48.45	52.44	57.53	-1.42
914	1.93	11.34	11.45	13.79	19.85	22.73	27.35	31.68	36.14	37.77	41.09	44.13	48.63	50.37	54.37	-1.695
915	3.34	5.27	14.68	14.8	17.13	23.2	26.07	30.69	35.02	39.48	41.11	44.43	47.48	51.98	53.72	-1.03
916	3.25	6.59	8.52	17.93	18.04	20.38	26.44	29.32	33.94	38.27	42.73	44.36	47.68	50.72	55.22	-1.585
917	2.46	5.71	9.06	10.98	20.39	20.51	22.84	28.91	31.79	36.4	40.73	45.2	46.83	50.14	53.19	-2.71
918	0.06	2.52	5.77	9.11	11.04	20.45	20.56	22.9	28.96	31.84	36.46	40.79	45.25	46.88	50.2	-2.55
919	3.1	3.16	5.62	8.87	12.21	14.14	23.55	23.67	26	32.07	34.94	39.56	43.89	48.35	49.98	-2.605
920	2.21	5.31	5.37	7.83	11.08	14.43	16.35	25.76	25.88	28.21	34.28	37.16	41.77	46.1	50.57	-0.245
921	14.02	16.24	19.34	19.39	21.86	25.11	28.45	30.37	39.79	39.9	42.24	48.3	51.18	55.8	60.13	-1.445
922	3.56	17.58	19.8	22.9	22.95	25.42	28.67	32.01	33.93	43.35	43.46	45.8	51.86	54.74	59.35	-2.57
923	1.03	4.59	18.61	20.83	23.93	23.98	26.45	29.7	33.04	34.96	44.38	44.49	46.83	52.89	55.77	-1.725
924	6.31	7.35	10.91	24.93	27.14	30.24	30.3	32.76	36.01	39.35	41.28	50.69	50.81	53.14	59.21	-0.99
925	5.06	11.38	12.41	15.97	29.99	32.2	35.31	35.36	37.83	41.07	44.42	46.34	55.76	55.87	58.2	-0.615
926	5.17	10.23	16.55	17.58	21.14	35.16	37.37	40.48	40.53	43	46.24	49.59	51.51	60.93	61.04	-1.335
927	1.56	6.72	11.79	18.1	19.13	22.69	36.72	38.93	42.03	42.09	44.55	47.8	51.14	53.07	62.48	-2.01
928	2.46	4.02	9.19	14.25	20.56	21.59	25.15	39.18	41.39	44.49	44.55	47.01	50.26	53.6	55.53	-1.465
929	2.22	4.69	6.24	11.41	16.47	22.79	23.82	27.38	41.4	43.61	46.72	46.77	49.24	52.48	55.83	-1.35
930	3.19	5.41	7.87	9.43	14.6	19.66	25.98	27.01	30.57	44.59	46.8	49.91	49.96	52.43	55.67	-0.875
931	4.17	7.36	9.59	12.05	13.6	18.77	23.83	30.15	31.18	34.74	48.76	50.98	54.08	54.13	56.6	-2.23
932	1.75	5.92	9.11	11.33	13.8	15.35	20.52	25.58	31.9	32.93	36.49	50.51	52.72	55.83	55.88	-2.31
933	1.39	3.13	7.31	10.5	12.72	15.18	16.74	21.91	26.97	33.28	34.31	37.87	51.9	54.11	57.21	-2.38
934	2.4	3.79	5.54	9.71	12.9	15.12	17.58	19.14	24.31	29.37	35.69	36.72	40.28	54.3	56.51	-1.01
935	3.47	5.87	7.26	9.01	13.18	16.37	18.59	21.06	22.61	27.78	32.84	39.16	40.19	43.75	57.77	-1.765
936	0.6	4.07	6.47	7.86	9.61	13.78	16.97	19.19	21.65	23.21	28.38	33.44	39.76	40.79	44.35	-1.695
937	6.55	7.15	10.62	13.02	14.41	16.16	20.33	23.52	25.74	28.2	29.76	34.93	39.99	46.31	47.34	-1.605
938	1.46	8.01	8.61	12.08	14.48	15.87	17.62	21.79	24.98	27.2	29.67	31.22	36.39	41.45	47.77	-0.35
939	3.28	4.74	11.3	11.89	15.37	17.77	19.15	20.9	25.07	28.26	30.49	32.95	34.5	39.67	44.74	-0.9
940	1.38	4.66	6.12	12.67	13.27	16.74	19.15	20.53	22.28	26.45	29.64	31.87	34.33	35.88	41.05	-0.745
941	4.18	5.56	8.84	10.3	16.85	17.45	20.92	23.32	24.71	26.46	30.63	33.82	36.04	38.5	40.06	-0.605
942	2.81	6.98	8.36	11.65	13.11	19.66	20.26	23.73	26.13	27.52	29.26	33.44	36.63	38.85	41.31	-0.14
943	4.93	7.73	11.91	13.29	16.57	18.03	24.58	25.18	28.65	31.06	32.44	34.19	38.36	41.55	43.78	1.325
944	10.66	15.59	18.39	22.57	23.95	27.23	28.69	35.24	35.84	39.31	41.72	43.1	44.85	49.02	52.21	1.745
945	4.8	15.46	20.39	23.2	27.37	28.75	32.04	33.5	40.05	40.65	44.12	46.52	47.91	49.65	53.83	1.56
946	3.61	8.41	19.07	24	26.8	30.98	32.36	35.64	37.1	43.65	44.25	47.72	50.13	51.51	53.26	1.83
947	1.23	4.83	9.64	20.3	25.22	28.03	32.21	33.59	36.87	38.33	44.88	45.48	48.95	51.35	52.74	1.31
948	6.42	7.65	11.25	16.06	26.72	31.64	34.45	38.63	40	43.29	44.75	51.3	51.9	55.37	57.77	-0.21
949	1.13	7.55	8.78	12.38	17.19	27.85	32.77	35.58	39.76	41.13	44.42	45.88	52.43	53.03	56.5	-0.945
950	2.43	3.56	9.98	11.21	14.81	19.62	30.28	35.2	38.01	42.19	43.57	46.85	48.31	54.86	55.46	0.905
951	2.97	5.4	6.53	12.95	14.18	17.78	22.59	33.25	38.17	40.98	45.16	46.54	49.82	51.28	57.83	0.835
952	2.68	5.65	8.08	9.21	15.63	16.86	20.46	25.27	35.93	40.85	43.66	47.84	49.22	52.5	53.96	-1.11
953	0.35	3.04	6	8.44	9.57	15.98	17.21	20.82	25.62	36.28	41.21	44.02	48.19	49.57	52.85	-1.755
954	1.97	2.32	5	7.97	10.41	11.54	17.95	19.18	22.79	27.59	38.25	43.18	45.98	50.16	51.54	-1.02
955	4.22	6.19	6.54	9.22	12.19	14.63	15.76	22.17	23.4	27.01	31.81	42.47	47.4	50.2	54.38	0.28
956	8.05	12.27	14.24	14.59	17.28	20.24	22.68	23.81	30.22	31.45	35.06	39.86	50.52	55.45	58.26	1.025
957	5.86	13.91	18.13	20.1	20.46	23.14	26.11	28.54	29.67	36.09	37.31	40.92	45.72	56.39	61.31	0.355
958	1.07	6.93	14.98	19.2	21.17	21.53	24.21	27.18	29.61	30.74	37.16	38.39	41.99	46.8	57.46	-0.435
959	2.46	3.53	9.39	17.44	21.66	23.63	23.98	26.67	29.63	32.07	33.2	39.61	40.84	44.45	49.25	-1.2
960	3.31	5.77	6.84	12.7	20.75	24.97	26.94	27.3	29.98	32.94	35.38	36.51	42.93	44.15	47.76	-0.325
961	5.71	9.02	11.48	12.55	18.41	26.46	30.69	32.65	33.01	35.69	38.66	41.09	42.22	48.64	49.87	-1.16
962	4.44	10.15	13.46	15.92	16.99	22.85	30.9	35.12	37.09	37.44	40.13	43.09	45.53	46.66	53.07	1.03
963	6.79	11.22	16.94	20.25	22.7	23.78	29.64	37.69	41.91	43.88	44.23	46.91	49.88	52.31	53.44	1.715
964	1.56	8.35	12.79	18.5	21.81	24.27	25.34	31.2	39.25	43.47	45.44	45.8	48.48	51.44	53.88	1.97
965	2.73	4.29	11.08	15.52	21.23	24.54	27	28.07	33.93	41.98	46.2	48.17	48.52	51.2	54.17	1.705
966	3.55	6.28	7.84	14.63	19.07	24.78	28.09	30.55	31.62	37.48	45.53	49.75	51.72	52.07	54.76	-0.62
967	1.5	5.05	7.78	9.34	16.13	20.56	26.28	29.59	32.04	33.11	38.98	47.03	51.25	53.22	53.57	-0.255
968	2.4	3.9	7.45	10.18	11.74	18.53	22.96	28.68	31.99	34.44	35.52	41.38	49.43	53.65	55.62	-0.945
969	1.88	4.28	5.78	9.33	12.06	13.62	20.41	24.84	30.56	33.87	36.32	37.39	43.26	51.31	55.53	-1.705
970	5.17	7.05	9.45	10.95	14.5	17.23	18.79	25.58	30.02	35.73	39.04	41.5	42.57	48.43	56.48	-2.63
971	2.59	7.76	9.64	12.04	13.54	17.09	19.82	21.38	28.17	32.61	38.32	41.63	44.09	45.16	51.02	-2.725
972	6.02	8.61	13.79	15.67	18.07	19.56	23.11	25.84	27.41	34.19	38.63	44.34	47.65	50.11	51.18	-2.96
973	3.41	9.43	12.02	17.2	19.07	21.48	22.97	26.52	29.25	30.81	37.6	42.04	47.75	51.06	53.52	-2.99
974	2.22	5.63	11.66	14.25	19.42	21.3	23.7	25.2	28.75	31.48	33.04	39.83	44.26	49.98	53.29	-1.275
975	1.78	4.01	7.42	13.44	16.03	21.2	23.08	25.48	26.98	30.53	33.26	34.82	41.61	46.05	51.76	-1.62
976	2.25	4.04	6.26	9.67	15.69	18.28	23.46	25.33	27.74	29.23	32.78	35.51	37.07	43.86	48.3	-1.305
977	2.13	4.38	6.17	8.39	11.8	17.82	20.41	25.59	27.46	29.87	31.36	34.91	37.64	39.2	45.99	-0.14
978	4.39	6.52	8.78	10.56	12.78	16.19	22.22	24.81	29.98	31.86	34.26	35.76	39.31	42.04	43.6	2.23
979	3.2	7.6	9.73	11.98	13.76	15.99	19.4	25.42	28.01	33.19	35.06	37.46	38.96	42.51	45.24	2.58
980	1.7	4.91	9.3	11.43	13.68	15.46	17.69	21.1	27.12	29.71	34.89	36.76	39.17	40.66	44.21	1.825
981	1.69	3.39	6.59	10.99	13.12	15.37	17.15	19.38	22.79	28.81	31.4	36.57	38.45	40.85	42.35	-0.12
982	3.03	4.72	6.42	9.63	14.02	16.15	18.4	20.19	22.41	25.82	31.84	34.43	39.61	41.48	43.89	-0.705
983	8.93	11.96	13.65	15.35	18.55	22.94	25.07	27.33	29.11	31.33	34.74	40.77	43.36	48.53	50.41	1.65
984	8.84	17.77	20.8	22.49	24.19	27.39	31.79	33.92	36.17	37.95	40.18	43.59	49.61	52.2	57.37	2.42
985	3.92	12.76	21.69	24.72	26.41	28.11	31.31	35.7	37.83	40.09	41.87	44.09	47.5	53.53	56.12	2.565
986	1.94	5.86	14.7	23.63	26.66	28.35	30.05	33.25	37.65	39.78	42.03	43.81	46.04	49.44	55.47	2.365
987	4.9	6.84	10.76	19.6	28.53	31.56	33.25	34.95	38.15	42.55	44.68	46.93	48.71	50.94	54.35	2.6
988	2.2	7.1	9.04	12.96	21.8	30.72	33.76	35.44	37.15	40.35	44.74	46.87	49.13	50.91	53.13	1.345
989	2.33	4.53	9.43	11.37	15.29	24.13	33.06	36.09	37.78	39.48	42.68	47.07	49.2	51.46	53.24	0.365
990	1.03	3.36	5.56	10.46	12.4	16.31	25.16	34.08	37.11	38.8	40.5	43.71	48.1	50.23	52.48	-1.175
991	1.93	2.95	5.28	7.48	12.38	14.32	18.24	27.08	36.01	39.04	40.73	42.43	45.63	50.03	52.16	-1.235
992	3.29	5.21	6.24	8.57	10.77	15.67	17.61	21.53	30.37	39.3	42.33	44.02	45.72	48.92	53.31	-1.405
993	2.38	5.67	7.59	8.62	10.95	13.15	18.05	19.99	23.91	32.75	41.68	44.71	46.4	48.1	51.3	-1.1
994	2.81	5.19	8.48	10.4	11.43	13.76	15.96	20.86	22.8	26.72	35.56	44.48	47.52	49.2	50.91	-0.9
995	2.78	5.59	7.97	11.26	13.19	14.21	16.54	18.74	23.64	25.58	29.5	38.34	47.27	50.3	51.99	-0.25
996	4.29	7.07	9.88	12.26	15.55	17.48	18.5	20.83	23.03	27.93	29.87	33.79	42.63	51.56	54.59	0.585
997	5.82	10.11	12.89	15.7	18.08	21.37	23.3	24.32	26.65	28.85	33.75	35.69	39.61	48.45	57.38	0.875
998	0.6	6.42	10.71	13.5	16.3	18.69	21.97	23.9	24.93	27.26	29.45	34.35	36.3	40.21	49.06	1.805
999	3.04	3.64	9.46	13.75	16.54	19.34	21.72	25.01	26.94	27.96	30.3	32.49	37.39	39.33	43.25	1.915
1000	2.54	5.58	6.18	12	16.29	19.07	21.88	24.26	27.55	29.48	30.5	32.83	35.03	39.93	41.87	0.965
1001	1.67	4.21	7.25	7.85	13.67	17.96	20.74	23.55	25.93	29.22	31.15	32.17	34.5	36.7	41.6	0.605
1002	2.8	4.47	7.01	10.05	10.65	16.47	20.76	23.55	26.35	28.74	32.02	33.95	34.98	37.31	39.5	-0.1
1003	2.76	5.56	7.23	9.77	12.81	13.41	19.23	23.52	26.31	29.11	31.5	34.78	36.71	37.74	40.07	0.15
1004	2.82	5.58	8.38	10.05	12.59	15.63	16.23	22.05	26.34	29.13	31.93	34.31	37.6	39.53	40.56	0.865
1005	9.97	12.79	15.55	18.35	20.02	22.56	25.6	26.2	32.02	36.31	39.09	41.9	44.28	47.57	49.5	1.34
1006	4.43	14.39	17.21	19.97	22.78	24.44	26.98	30.02	30.63	36.44	40.74	43.52	46.33	48.71	52	2.45
1007	1.35	5.77	15.74	18.56	21.32	24.12	25.79	28.33	31.37	31.97	37.79	42.08	44.87	47.67	50.06	0.885
1008	1.22	2.57	7	16.96	19.78	22.54	25.35	27.02	29.56	32.59	33.2	39.02	43.31	46.09	48.9	0.685
1009	6.25	7.48	8.82	13.25	23.22	26.04	28.8	31.6	33.27	35.81	38.85	39.45	45.27	49.56	52.34	0.02
1010	2.92	9.17	10.4	11.74	16.17	26.14	28.96	31.72	34.52	36.19	38.73	41.77	42.37	48.19	52.48	1.6
